100 20 2000
20 9 53 11 40 6 82 1 42 8 98 3 86 15 50 13 57 4 28 16 7 19 13 10 24 12 61 17 54 5 97 14 92 20 86 18 5 7 32 2 11
20 4 44 5 50 7 39 11 81 17 51 6 92 14 65 19 20 2 75 1 60 15 95 10 28 16 14 8 28 18 54 13 55 9 91 3 3 12 28 20 93
20 1 52 9 67 14 64 6 83 3 37 10 21 19 10 2 62 15 74 7 86 18 71 16 43 4 24 20 5 13 78 11 10 8 40 5 51 17 89 12 54
20 13 74 10 86 15 71 20 80 17 21 3 14 1 49 7 16 2 26 14 34 18 2 9 17 8 47 6 68 11 21 16 8 5 8 12 51 4 21 19 71
20 10 89 18 50 13 80 19 88 14 16 9 58 16 20 11 32 7 42 15 89 20 79 5 87 6 73 3 74 1 17 12 53 8 81 4 85 17 55 2 57
20 12 73 6 5 19 26 1 57 10 45 17 40 20 46 16 15 5 79 8 48 9 20 4 69 18 16 14 29 3 48 2 38 15 6 11 18 13 62 7 86
20 8 57 4 89 10 91 11 96 14 66 20 49 7 88 15 62 6 86 17 80 1 13 2 58 3 81 19 70 5 48 18 61 9 12 13 69 16 76 12 23
20 5 30 6 65 10 26 19 60 11 38 9 66 12 76 1 85 17 39 14 96 13 19 15 75 20 5 8 91 16 14 3 46 2 27 18 69 7 95 4 3
20 18 1 5 99 9 97 4 17 8 51 14 63 13 82 15 79 10 60 1 61 6 92 11 58 16 13 20 2 3 3 2 74 7 43 17 34 19 6 12 1
20 1 18 9 77 20 12 19 36 14 64 8 35 18 66 4 86 16 98 7 54 3 11 15 41 10 15 5 87 17 76 6 33 12 85 13 12 2 1 11 62
20 11 29 13 17 2 21 7 93 3 39 6 48 1 46 14 60 17 9 18 61 4 43 19 47 9 47 16 92 12 2 8 77 15 58 5 71 20 16 10 50
20 7 91 8 42 6 32 11 96 2 58 4 24 19 56 3 63 16 74 17 1 5 42 15 84 1 56 12 44 14 58 10 1 9 5 20 53 18 44 13 52
20 19 48 3 16 5 37 16 60 8 54 6 32 12 69 4 25 14 48 7 72 1 77 10 29 18 64 17 10 2 53 20 90 9 71 15 84 13 82 11 93
20 18 23 14 28 15 99 20 49 1 79 5 7 10 32 7 89 6 12 2 22 9 54 13 88 19 69 8 65 4 95 12 84 11 32 17 64 16 33 3 55
20 16 97 2 49 14 11 9 79 20 86 18 67 7 51 3 80 10 29 1 75 15 64 8 59 5 92 6 85 17 92 19 3 11 94 4 69 12 34 13 27
20 9 75 13 20 6 87 3 67 20 70 1 23 16 93 15 31 5 72 19 16 12 36 2 5 18 59 4 75 10 85 11 24 17 29 8 5 14 47 7 1
20 15 24 7 13 17 27 10 21 12 29 13 19 14 91 5 37 3 93 16 76 20 75 18 15 6 70 19 70 4 91 11 57 8 18 2 8 1 29 9 73
20 13 16 3 15 14 76 17 1 12 93 19 87 20 60 18 67 16 27 8 91 2 45 9 28 4 7 1 68 5 97 15 6 11 50 7 71 10 52 6 99
20 15 81 7 53 10 16 19 88 4 16 14 3 3 49 16 62 20 26 18 26 13 43 6 31 2 75 8 35 1 72 11 37 5 79 9 94 12 94 17 7
20 15 93 20 21 6 92 4 60 13 42 16 9 17 93 14 68 10 28 19 29 11 45 2 94 8 97 18 78 1 5 5 66 12 85 3 39 9 18 7 80
20 12 43 8 33 15 21 14 63 4 56 18 90 10 12 9 12 1 79 6 51 5 99 20 98 7 68 16 8 11 61 17 41 3 58 13 8 2 42 19 9
20 8 66 19 83 18 38 1 40 2 57 17 62 13 31 10 21 15 88 7 59 9 82 4 96 5 69 16 11 3 49 20 1 14 56 6 97 12 21 11 26
20 2 53 6 12 17 91 4 86 18 66 3 85 16 2 7 78 5 23 10 28 12 16 9 35 14 55 11 35 15 51 13 3 19 25 1 54 8 6 20 10
20 2 10 1 63 17 3 11 67 9 82 15 12 3 99 18 57 7 70 6 67 12 82 14 37 5 16 10 47 16 90 13 71 8 74 20 75 4 31 19 69
20 15 86 1 17 6 1 19 39 11 42 8 35 18 85 14 35 3 93 20 48 7 22 16 76 4 25 17 42 12 65 2 3 13 79 10 95 5 59 9 24
20 11 83 8 72 15 50 7 93 14 8 12 7 16 79 10 57 5 95 9 68 20 67 13 15 17 58 2 2 6 34 4 95 1 72 19 96 18 30 3 26
20 1 11 6 22 11 81 3 63 2 95 9 2 10 22 5 81 13 2 7 91 12 7 19 36 4 27 8 87 14 54 17 24 20 4 18 94 15 7 16 26
20 19 11 18 21 17 46 9 91 20 30 7 18 11 37 15 35 3 4 16 64 8 9 10 57 4 51 5 41 1 90 13 24 2 28 12 94 14 80 6 32
20 19 17 8 40 7 44 15 72 6 41 9 31 17 86 20 7 4 60 3 41 18 11 5 36 2 20 14 23 1 81 16 27 11 53 13 8 12 96 10 77
20 20 39 2 40 12 37 18 70 8 13 4 43 5 36 7 81 19 55 17 4 16 60 10 20 13 31 6 66 1 9 9 22 11 6 3 84 14 94 15 15
20 3 52 14 12 6 1 17 32 1 52 12 6 8 9 18 6 10 18 16 97 19 82 7 12 15 62 4 43 20 88 11 4 13 8 9 89 2 49 5 27
20 11 69 5 98 6 43 1 94 9 71 10 82 2 42 7 91 18 20 14 52 8 45 17 58 12 1 4 19 20 7 15 9 13 83 19 93 16 62 3 68
20 18 6 11 78 13 55 8 62 20 1 3 33 16 26 10 20 1 21 12 99 4 8 6 91 9 76 15 52 5 33 2 15 17 72 7 34 19 34 14 96
20 16 49 3 20 17 54 7 34 5 43 9 28 15 59 2 63 12 95 14 32 18 23 13 28 19 47 8 45 10 28 1 46 20 25 6 53 11 18 4 53
20 7 41 5 13 6 43 19 8 8 98 10 75 1 71 16 60 18 20 2 15 12 11 13 65 4 56 3 89 11 48 14 83 17 76 20 82 9 52 15 26
20 6 40 15 20 1 63 9 10 12 23 7 79 5 71 16 12 17 43 4 15 14 62 3 19 20 4 10 46 8 70 19 87 18 45 2 24 11 30 13 76
20 16 37 7 58 3 5 13 29 2 20 10 24 5 40 18 34 6 53 4 72 11 12 1 26 19 12 15 40 14 74 9 29 17 43 12 42 8 12 20 43
20 7 62 10 35 3 62 1 20 11 17 12 44 9 94 19 6 14 83 8 85 4 14 15 71 16 5 17 7 5 53 18 43 20 2 13 11 2 18 6 89
20 1 68 2 94 8 87 10 34 13 10 3 76 7 29 17 41 6 30 4 58 20 34 11 83 5 15 14 30 9 28 16 24 18 40 12 1 19 72 15 82
20 3 55 19 9 9 85 1 74 4 6 6 16 10 5 16 24 8 12 12 33 5 30 17 34 11 34 15 17 13 75 7 38 2 49 18 78 20 19 14 35
20 8 51 6 40 12 28 3 84 9 78 16 93 13 39 19 14 15 57 18 52 4 94 17 10 11 35 2 97 1 93 20 87 10 47 7 27 5 18 14 24
20 16 43 17 9 8 63 4 11 10 26 2 42 18 53 1 42 15 8 9 7 3 77 11 97 20 43 7 52 12 32 14 23 19 32 5 50 13 99 6 83
20 4 51 14 16 17 83 11 33 3 90 1 24 16 21 18 95 5 11 6 56 9 21 8 37 10 72 12 5 19 94 20 28 15 26 13 67 2 52 7 95
20 8 82 9 72 4 62 20 61 2 22 13 18 12 66 3 28 6 88 1 48 17 87 19 41 15 78 18 70 16 2 5 15 7 13 10 25 14 44 11 62
20 2 28 20 24 13 56 9 77 11 21 15 46 12 30 10 89 3 56 19 71 1 23 6 31 14 26 8 76 7 70 16 93 5 86 18 74 17 79 4 57
20 17 40 15 72 11 96 12 52 10 4 18 17 14 25 19 92 13 67 3 77 2 62 5 11 1 3 9 75 16 21 6 79 4 90 8 70 20 40 7 51
20 8 7 16 7 12 2 2 61 14 34 4 46 15 7 10 22 5 36 11 36 7 11 9 95 3 11 19 69 13 8 20 56 6 33 1 69 18 87 17 58
20 9 31 2 11 11 5 4 15 13 51 18 76 16 1 8 51 17 30 10 36 5 17 6 52 20 61 12 9 3 80 7 10 14 75 1 66 19 32 15 14
20 10 84 19 94 5 61 15 90 13 9 6 72 7 66 9 5 18 76 11 41 3 87 16 80 4 50 20 45 2 95 12 12 8 32 1 52 17 28 14 75
20 6 60 9 21 15 60 11 52 13 42 1 47 5 77 12 93 3 27 2 62 14 24 16 37 18 4 20 75 17 56 10 16 19 76 7 64 8 85 4 11
20 4 21 16 10 10 87 6 47 19 40 8 45 2 48 18 27 13 63 1 29 7 36 20 25 12 74 15 19 5 20 9 78 17 51 14 32 11 69 3 23
20 16 71 14 7 2 64 8 53 1 89 5 39 18 86 10 2 20 92 6 5 19 52 12 63 17 27 15 75 9 46 4 3 7 98 3 82 13 6 11 70
20 13 51 10 89 9 36 3 84 19 95 2 12 20 97 5 75 11 57 1 79 14 91 18 77 16 17 17 86 7 58 12 43 4 15 15 90 8 28 6 45
20 18 3 19 31 15 71 9 51 13 6 6 37 12 4 3 81 2 98 16 97 8 58 17 19 11 84 7 3 14 96 10 50 1 21 4 86 5 44 20 76
20 6 66 13 9 17 32 12 78 1 20 9 69 11 46 5 1 8 93 4 81 3 18 14 64 18 40 2 39 15 86 16 92 19 69 20 69 10 17 7 11
20 20 98 12 80 3 8 4 98 15 56 11 47 2 26 13 30 10 49 7 55 19 75 14 66 6 44 9 12 8 60 18 81 1 82 16 38 17 29 5 72
20 10 55 9 18 5 32 2 78 6 95 13 40 17 79 20 35 4 41 11 40 16 65 15 89 3 16 7 20 12 86 19 59 14 49 1 86 8 36 18 25
20 13 6 17 51 3 26 19 59 4 20 6 65 5 50 12 99 14 96 15 62 11 47 2 89 10 39 7 68 18 28 16 70 8 29 1 71 9 94 20 79
20 18 51 3 73 6 20 12 26 17 11 13 46 15 35 4 87 16 84 14 95 5 84 2 97 7 50 10 10 19 99 11 97 8 86 1 83 20 27 9 84
20 19 58 14 24 2 99 4 80 1 78 15 10 13 53 7 10 12 99 9 85 16 80 17 7 8 24 20 66 10 92 11 74 5 98 3 9 18 30 6 28
20 8 9 7 88 17 56 1 23 3 92 6 38 20 88 16 64 2 71 11 59 9 11 15 32 19 71 5 62 4 27 14 20 10 54 12 43 13 2 18 73
20 18 69 9 47 20 60 14 75 10 13 17 22 8 16 1 60 4 87 19 80 11 33 3 14 2 59 7 99 12 97 15 55 5 3 16 40 6 30 13 36
20 2 56 11 2 8 31 1 70 16 92 17 87 18 49 10 25 14 5 6 42 3 66 4 18 7 1 12 43 13 32 15 46 9 48 19 20 20 11 5 23
20 10 29 15 22 18 17 19 19 14 35 13 28 5 19 16 29 8 80 4 59 6 86 20 95 1 36 7 79 2 82 12 89 9 72 17 27 3 86 11 4
20 2 76 10 31 5 93 6 64 8 87 9 84 16 62 14 41 13 6 11 36 4 12 1 18 15 68 20 96 3 90 7 34 17 67 19 61 12 73 18 64
20 2 41 9 28 17 39 20 34 10 36 3 13 13 95 18 12 1 10 11 30 6 34 4 92 12 14 19 15 16 10 5 98 7 75 14 62 15 12 8 88
20 17 9 6 83 7 93 10 98 9 33 16 81 8 40 18 18 2 96 11 52 3 51 15 99 1 34 19 46 13 30 14 55 4 44 5 32 12 71 20 10
20 16 83 19 66 17 20 20 22 3 73 15 76 7 59 8 74 6 23 13 90 4 53 1 11 12 43 18 88 2 76 9 65 10 44 11 52 14 25 5 54
20 13 78 19 91 16 41 12 54 9 68 8 60 4 94 2 3 3 38 6 22 18 33 17 37 11 76 15 31 14 24 10 46 5 20 20 69 1 53 7 57
20 13 80 11 12 5 46 3 5 6 20 8 42 10 66 12 32 20 43 19 58 15 63 18 89 16 54 4 79 1 28 14 42 9 90 7 6 2 66 17 29
20 16 63 9 56 5 43 15 33 20 10 14 53 6 2 18 24 2 6 1 61 10 14 4 92 12 27 7 82 11 63 8 2 13 27 19 25 17 51 3 91
20 13 23 4 62 7 44 11 32 19 69 15 86 12 24 16 42 1 31 18 35 2 24 14 34 5 12 10 35 20 51 6 73 3 5 17 12 8 52 9 13
20 15 53 5 67 3 91 11 63 18 97 7 83 1 51 8 55 20 14 2 78 12 17 4 74 17 9 16 63 9 22 14 71 13 41 10 81 19 54 6 46
20 18 28 19 16 10 12 5 30 6 97 3 86 9 9 14 65 7 51 16 30 13 15 4 41 15 91 2 46 1 18 8 21 17 89 12 2 11 77 20 78
20 13 91 12 33 4 84 2 79 1 4 19 7 9 49 17 45 15 9 20 69 14 86 11 94 10 90 5 24 18 21 6 15 3 38 8 28 7 26 16 60
20 18 94 12 47 3 96 15 70 20 51 11 93 4 64 7 24 9 45 10 36 14 62 1 91 16 18 2 38 17 47 6 98 8 51 13 12 5 26 19 51
20 19 50 20 74 4 34 18 45 2 33 6 50 5 69 11 14 3 89 8 86 13 57 15 17 10 80 16 32 9 72 12 33 14 51 17 31 7 43 1 65
20 12 14 1 4 14 22 15 27 20 58 4 12 8 92 5 27 7 24 11 13 3 8 6 55 9 66 13 81 10 12 18 13 16 57 17 77 19 25 2 99
20 8 99 18 84 4 72 10 79 5 72 9 47 20 47 16 92 15 49 3 49 1 43 12 33 14 30 17 16 11 35 6 2 13 47 7 59 2 44 19 98
20 12 1 18 75 10 2 2 26 11 20 13 54 5 63 1 31 14 44 7 98 20 73 6 41 3 52 8 81 4 30 15 57 17 25 9 70 16 58 19 83
20 16 21 1 15 3 60 10 30 4 50 8 31 7 17 13 34 18 15 5 98 20 77 15 57 19 58 6 40 12 21 2 25 17 41 9 78 11 44 14 26
20 13 14 17 31 11 86 14 68 8 69 20 71 3 44 7 10 2 76 16 82 12 54 1 40 6 46 10 47 5 42 18 86 4 62 19 41 9 27 15 12
20 20 18 6 46 11 22 16 66 9 5 8 12 7 27 2 82 15 24 10 60 17 10 1 93 12 54 13 10 18 60 19 14 4 16 3 48 14 18 5 82
20 11 84 14 15 10 59 15 45 19 63 6 71 20 86 16 2 4 42 9 46 7 39 5 9 8 7 2 32 18 78 12 12 13 78 1 68 3 77 17 90
20 3 33 16 2 12 35 15 91 9 49 17 21 20 29 8 60 5 88 2 71 1 14 13 6 10 40 14 53 19 2 7 88 6 38 11 7 18 43 4 34
20 5 16 3 95 4 2 16 88 9 45 12 93 19 77 18 10 17 71 13 69 2 33 14 22 15 54 20 56 6 31 8 18 1 63 11 82 7 98 10 70
20 13 15 1 42 5 44 9 80 20 15 7 24 6 76 11 71 10 38 16 27 8 48 19 38 4 73 15 42 3 8 14 52 12 20 18 40 17 51 2 99
20 14 46 16 3 20 82 6 20 5 1 8 45 19 79 17 70 4 46 12 48 13 63 3 87 10 47 1 43 11 1 2 48 15 65 9 11 18 25 7 9
20 15 12 14 17 17 55 9 75 7 56 11 89 12 6 1 46 10 22 16 44 18 2 19 14 8 36 2 96 4 6 5 37 20 62 6 94 13 77 3 14
20 7 37 4 28 13 16 14 80 3 10 16 90 1 5 11 17 20 28 19 40 10 76 2 30 8 52 18 77 5 15 6 50 12 99 17 99 9 64 15 63
20 3 88 15 4 10 26 7 9 5 81 17 47 12 82 9 52 13 65 14 63 2 37 19 59 1 78 8 51 18 75 4 24 16 77 6 28 20 97 11 98
20 17 79 9 7 10 25 13 92 19 8 12 90 14 82 6 9 5 53 20 95 7 51 2 54 18 29 16 86 8 7 3 58 4 66 1 84 11 42 15 10
20 16 5 17 52 12 70 19 59 15 10 11 88 6 56 1 55 8 73 4 65 7 66 9 17 10 5 13 22 2 40 18 42 3 1 5 51 20 95 14 28
20 15 30 13 62 7 46 9 14 5 62 17 16 6 24 20 17 16 70 12 66 18 57 2 55 3 79 10 99 14 27 19 17 4 75 8 6 1 14 11 61
20 11 71 12 22 15 68 13 74 5 39 10 68 6 28 19 7 18 67 4 7 2 92 8 45 17 67 14 35 7 70 1 52 3 65 9 99 20 21 16 51
20 17 5 7 73 4 10 16 75 8 16 5 70 13 39 10 62 9 65 14 99 3 57 11 7 2 54 20 52 15 47 1 43 19 1 6 65 12 88 18 36
20 6 30 20 82 9 82 5 54 1 94 2 28 15 75 19 1 14 84 8 61 18 17 12 45 3 72 7 58 4 78 11 63 16 50 10 77 17 8 13 25
20 10 17 7 78 17 20 5 92 20 57 6 95 19 25 12 44 14 8 16 93 2 21 3 21 8 47 9 38 4 33 15 48 18 39 13 69 1 15 11 70
20 5 2 7 4 6 44 8 38 9 93 1 94 18 93 10 18 14 38 20 66 13 38 15 60 12 87 17 49 2 52 4 72 11 12 3 5 19 21 16 6
20 18 63 15 21 3 21 13 53 8 79 10 10 9 13 6 45 17 63 19 39 1 38 4 50 14 80 16 45 20 84 5 2 12 29 7 31 2 27 11 96

natural:
79751
4 30 41 67 95 104 131 148 170 181 207 233 251 265 290 306 339 354 375 395 409 424 458 462 482 517 521 555 575 595 605 624 649 676 687 703 732 744 761 784 815 828 846 870 891 913 938 958 978 986 1010 1025 1050 1077 1085 1117 1138 1158 1178 1185 1204 1228 1244 1273 1292 1309 1333 1352 1379 1395 1410 1429 1447 1475 1485 1512 1540 1542 1571 1588 1602 1632 1652 1678 1691 1717 1722 1754 1768 1787 1813 1838 1848 1879 1896 1916 1925 1959 1966 1991
20 29 48 69 100 116 132 157 176 199 203 225 255 270 282 312 338 351 373 392 419 425 441 461 496 514 525 557 573 582 619 627 656 668 690 718 725 759 762 797 814 826 859 865 881 911 924 942 975 990 1007 1023 1046 1069 1094 1107 1124 1152 1172 1183 1209 1233 1241 1275 1281 1301 1329 1355 1368 1399 1409 1431 1450 1474 1484 1514 1525 1560 1579 1584 1616 1629 1648 1674 1690 1711 1740 1756 1774 1792 1811 1832 1855 1872 1891 1913 1926 1951 1975 1999
6 38 45 66 94 115 133 156 175 191 205 228 242 280 288 304 329 342 367 398 417 435 446 467 489 520 524 549 570 598 601 640 646 662 694 712 723 743 766 781 804 831 845 868 889 910 933 955 971 989 1020 1038 1044 1068 1091 1103 1133 1143 1162 1198 1205 1232 1251 1279 1295 1306 1331 1345 1369 1384 1420 1437 1443 1466 1497 1503 1529 1551 1570 1593 1603 1627 1658 1679 1681 1702 1735 1752 1780 1785 1801 1836 1857 1873 1897 1911 1933 1952 1978 1983
9 21 53 79 98 112 122 160 164 188 211 226 248 275 298 314 335 353 365 384 405 432 444 479 493 516 533 553 569 586 614 634 651 680 693 710 730 751 770 785 811 824 841 863 900 917 926 944 973 1000 1001 1036 1057 1078 1090 1104 1129 1145 1168 1184 1215 1229 1252 1270 1291 1312 1337 1351 1367 1394 1412 1422 1452 1472 1483 1507 1523 1546 1563 1595 1605 1637 1657 1669 1700 1703 1733 1749 1775 1782 1816 1837 1850 1877 1890 1903 1935 1955 1976 1992
15 22 58 77 92 109 135 141 162 194 218 231 243 266 293 309 328 355 377 396 411 433 449 473 499 509 528 554 572 587 620 622 655 665 682 707 727 755 773 791 819 838 849 876 897 912 929 951 963 987 1015 1026 1048 1079 1088 1120 1123 1147 1171 1197 1214 1237 1260 1267 1283 1316 1338 1360 1377 1383 1403 1433 1442 1464 1494 1519 1527 1548 1565 1587 1610 1635 1660 1672 1689 1701 1723 1745 1776 1795 1805 1829 1858 1865 1885 1906 1924 1944 1961 1996
3 26 44 74 93 102 129 142 171 196 206 223 246 269 294 303 333 360 372 383 410 438 442 470 483 515 522 560 565 594 603 623 652 678 683 701 729 760 769 786 802 840 850 869 892 916 937 952 966 981 1004 1030 1060 1066 1081 1113 1125 1146 1163 1200 1206 1239 1250 1271 1284 1311 1322 1349 1370 1385 1407 1436 1460 1465 1496 1516 1526 1552 1576 1592 1614 1633 1642 1666 1697 1715 1727 1744 1778 1796 1818 1828 1847 1867 1887 1918 1921 1946 1963 1988
19 23 50 68 89 120 127 159 177 190 204 221 250 268 287 320 322 358 362 400 413 430 448 469 491 504 530 546 563 588 612 628 658 664 681 706 722 741 767 796 818 834 860 877 895 920 931 956 967 998 1011 1037 1055 1074 1100 1110 1134 1154 1173 1188 1202 1234 1253 1274 1296 1317 1323 1347 1380 1398 1414 1423 1446 1469 1499 1508 1539 1549 1578 1590 1607 1628 1647 1671 1696 1719 1726 1760 1765 1781 1804 1831 1851 1863 1895 1902 1934 1942 1962 1998
5 34 57 73 97 110 121 154 165 186 216 222 245 274 292 318 337 350 374 393 402 421 459 477 486 502 534 551 562 585 607 631 644 674 685 715 739 750 763 789 801 823 852 861 894 918 921 948 977 999 1006 1024 1059 1071 1089 1115 1139 1157 1177 1193 1201 1227 1243 1269 1285 1320 1327 1348 1366 1386 1416 1439 1448 1476 1498 1517 1530 1547 1561 1594 1606 1625 1646 1673 1688 1716 1731 1746 1773 1793 1814 1835 1849 1878 1892 1905 1930 1953 1964 1985
1 37 42 72 86 111 137 146 163 182 213 237 257 271 284 301 340 352 378 399 408 431 452 465 500 510 526 544 566 596 618 625 653 666 699 704 736 747 775 783 805 830 851 862 884 914 932 941 968 982 1016 1035 1043 1064 1086 1114 1122 1159 1180 1190 1211 1222 1257 1277 1286 1302 1325 1356 1365 1397 1402 1440 1455 1467 1487 1509 1535 1553 1566 1598 1618 1639 1645 1670 1685 1705 1724 1758 1764 1799 1808 1822 1852 1864 1898 1909 1923 1954 1965 1987
12 32 46 62 81 105 123 143 169 193 220 236 252 267 289 315 324 359 363 389 407 428 450 474 498 508 527 552 580 592 609 626 648 675 686 714 726 742 764 787 817 825 853 878 888 905 928 950 961 996 1003 1028 1042 1076 1099 1109 1121 1153 1174 1195 1217 1225 1248 1261 1282 1305 1324 1357 1376 1387 1411 1434 1458 1463 1493 1510 1533 1555 1564 1583 1604 1634 1650 1663 1693 1720 1729 1753 1769 1791 1803 1823 1853 1874 1886 1908 1938 1941 1968 1986
2 24 56 75 88 118 124 145 172 200 201 224 260 277 297 316 336 357 376 391 415 440 454 464 485 501 523 547 577 597 616 621 642 679 695 719 731 745 772 793 813 832 844 880 885 903 930 943 970 984 1019 1040 1049 1073 1087 1106 1130 1151 1176 1196 1210 1231 1242 1280 1290 1310 1330 1358 1373 1382 1415 1424 1444 1479 1492 1506 1528 1550 1575 1585 1619 1623 1643 1661 1698 1718 1728 1755 1766 1788 1820 1839 1846 1880 1881 1912 1936 1960 1977 2000
13 39 60 78 96 101 140 147 180 197 215 234 247 276 299 311 325 345 379 397 401 439 451 471 495 506 531 558 579 583 606 633 650 669 691 705 738 746 778 790 803 835 854 867 887 904 923 954 976 988 1013 1032 1056 1067 1084 1102 1135 1148 1164 1189 1218 1235 1254 1276 1299 1313 1339 1353 1364 1388 1413 1427 1451 1478 1482 1502 1536 1541 1572 1581 1615 1631 1653 1676 1683 1706 1737 1750 1767 1797 1807 1826 1843 1870 1882 1919 1932 1948 1973 1997
8 36 55 61 83 119 138 151 167 198 202 240 259 272 300 302 326 341 371 385 418 427 456 476 497 512 529 556 578 593 617 637 643 672 692 720 724 758 765 795 807 839 858 866 883 909 935 945 965 985 1009 1039 1041 1065 1082 1108 1126 1141 1166 1187 1219 1240 1255 1266 1289 1307 1335 1350 1361 1381 1417 1421 1457 1471 1481 1518 1531 1554 1577 1586 1608 1621 1654 1677 1692 1710 1721 1751 1779 1783 1809 1824 1854 1862 1884 1907 1940 1958 1971 1984
16 27 43 70 85 114 125 150 166 185 208 235 249 262 283 319 327 343 366 388 404 437 453 472 488 505 535 559 574 599 602 630 660 670 696 711 735 749 774 800 820 836 842 879 893 907 925 957 980 991 1018 1022 1051 1075 1092 1112 1137 1149 1170 1182 1216 1224 1249 1265 1288 1318 1336 1359 1375 1396 1406 1432 1456 1468 1491 1511 1537 1543 1573 1589 1620 1624 1659 1662 1694 1712 1736 1741 1762 1784 1810 1827 1860 1875 1894 1910 1929 1949 1969 1993
7 31 49 63 90 117 128 152 168 192 217 232 258 263 291 308 321 356 361 381 403 429 455 466 481 503 539 548 564 600 613 636 654 667 700 702 734 752 780 794 809 829 857 873 886 902 927 960 964 983 1014 1034 1058 1063 1095 1105 1132 1150 1167 1186 1212 1236 1256 1262 1293 1319 1332 1346 1374 1391 1404 1426 1441 1473 1489 1504 1532 1544 1569 1596 1612 1640 1649 1664 1684 1713 1734 1757 1761 1800 1802 1840 1845 1861 1883 1915 1927 1956 1972 1982
10 33 52 76 87 108 139 155 173 189 214 229 244 279 281 307 330 349 368 386 414 434 447 475 492 507 540 550 576 591 610 639 647 661 688 708 721 753 776 788 806 821 847 875 896 915 922 947 972 992 1002 1021 1053 1070 1096 1118 1131 1156 1169 1191 1208 1238 1245 1268 1287 1315 1326 1341 1363 1393 1401 1428 1454 1470 1500 1513 1534 1557 1568 1599 1601 1630 1644 1668 1682 1704 1730 1742 1770 1786 1817 1834 1841 1869 1900 1904 1937 1950 1980 1994
14 25 59 65 99 106 130 149 178 195 209 230 254 278 295 317 323 344 380 387 416 426 443 463 494 513 536 543 567 590 604 632 657 663 697 709 737 754 768 792 812 822 843 871 899 901 940 949 979 995 1017 1033 1054 1072 1083 1119 1127 1142 1165 1192 1203 1226 1246 1278 1297 1303 1321 1343 1372 1400 1419 1438 1453 1477 1488 1515 1538 1558 1574 1597 1617 1622 1651 1680 1686 1709 1739 1748 1763 1798 1806 1821 1842 1866 1893 1901 1939 1943 1974 1989
18 35 51 71 82 113 136 158 161 187 210 239 253 261 286 313 332 348 370 394 406 423 445 468 487 519 538 542 571 584 608 629 641 671 689 717 728 756 777 798 810 827 848 874 898 906 939 946 969 993 1008 1027 1052 1061 1093 1116 1140 1155 1161 1199 1220 1221 1247 1263 1300 1308 1328 1354 1371 1392 1408 1430 1445 1461 1495 1501 1524 1556 1562 1582 1609 1636 1655 1675 1699 1708 1738 1759 1771 1794 1815 1833 1856 1871 1889 1920 1931 1957 1967 1981
11 28 47 80 84 103 134 144 179 184 212 227 241 273 296 310 334 346 364 390 420 422 457 480 484 518 532 541 561 589 611 638 659 673 684 716 733 748 779 782 808 837 855 872 890 908 934 959 962 997 1005 1031 1045 1062 1097 1111 1136 1144 1175 1181 1213 1230 1258 1264 1298 1314 1334 1342 1362 1390 1418 1425 1459 1462 1486 1520 1521 1559 1580 1600 1613 1638 1656 1665 1695 1707 1732 1747 1772 1790 1812 1825 1844 1876 1888 1917 1928 1947 1979 1990
17 40 54 64 91 107 126 153 174 183 219 238 256 264 285 305 331 347 369 382 412 436 460 478 490 511 537 545 568 581 615 635 645 677 698 713 740 757 771 799 816 833 856 864 882 919 936 953 974 994 1012 1029 1047 1080 1098 1101 1128 1160 1179 1194 1207 1223 1259 1272 1294 1304 1340 1344 1378 1389 1405 1435 1449 1480 1490 1505 1522 1545 1567 1591 1611 1626 1641 1667 1687 1714 1725 1743 1777 1789 1819 1830 1859 1868 1899 1914 1922 1945 1970 1995

INSA:
6040
521 41 1542 462 761 181 1602 104 1025 424 828 1485 624 986 1244 703 744 482 1991 1309 732 1722 4 265 1085 605 1429 1410 1185 1768 1787 409 1228 1925 306 1966 649 207 555 148 595 1447 251 1204 846 1588 1050 891 1678 30 1813 290 375 1879 1292 1916 354 1717 784 1010 1848 1896 870 575 131 170 1273 913 67 1395 938 395 1475 1512 1652 1632 95 815 687 1691 1379 1158 1754 676 1077 517 1352 339 1117 1571 1333 233 1959 1138 458 1178 958 978 1838 1540
461 1241 881 582 1281 1023 762 826 725 1183 942 1124 1484 425 1301 282 924 668 1648 525 1409 1046 48 1525 441 203 1872 1431 270 1069 1329 1926 990 1674 1107 29 116 1629 1368 1584 392 1811 373 1172 865 718 1891 1913 1711 351 1152 573 814 312 1450 1007 627 557 1792 225 255 911 132 1855 69 1474 1233 1275 1209 514 1399 1690 1514 690 656 797 1774 1756 199 1951 619 1832 338 759 1616 1094 176 1999 157 1975 496 1355 100 975 1579 859 1560 419 20 1740
601 342 1702 1162 662 1143 723 242 1681 1801 1785 1983 804 1103 1068 831 1044 743 524 1306 45 549 304 1603 367 766 646 1443 1627 1873 1384 288 712 1503 989 205 115 467 781 889 1369 1466 1551 845 1911 1331 868 598 570 933 1679 910 6 1752 1133 1205 1232 1437 66 1897 1345 228 329 1933 1593 191 133 94 175 398 1091 1529 1857 489 38 435 446 971 280 1952 694 1658 1570 1251 1295 156 1497 955 1038 1735 520 640 1198 1836 1978 1020 417 1279 1780 1420
21 841 1782 1422 1703 1903 824 122 405 1483 586 1145 1546 944 1001 1523 1563 1168 248 384 1184 730 365 1992 188 1605 1104 1749 710 1669 553 112 1412 1129 1312 164 53 1229 1367 614 1270 863 926 1890 770 569 811 444 1507 651 1877 1291 353 432 314 1452 785 1816 1472 9 226 1850 1394 275 1036 1935 1090 516 634 751 479 335 211 1595 1657 693 1775 1351 79 917 1215 1955 493 533 1078 1252 1733 98 973 1337 1057 680 1637 1976 1837 298 1700 160 900 1000
1701 141 1961 682 22 1123 622 1283 243 1745 727 665 1865 587 1906 1805 1403 1464 1267 1147 987 963 162 109 1442 1829 266 707 1885 1944 1383 1433 1026 1924 951 554 1610 1672 1565 1048 509 1171 1548 1088 411 1587 1996 929 309 328 1723 773 1316 572 1377 58 293 473 377 849 92 912 791 528 1527 396 1689 194 1795 355 876 433 655 1635 1858 135 15 77 1776 755 1214 449 231 1494 1015 897 838 819 620 1079 1120 1338 1197 1660 1519 218 1237 499 1260 1360
1921 522 701 142 102 802 683 1163 1066 1642 1744 981 623 1081 1322 729 603 1867 1146 3 246 383 1666 1988 1407 44 303 483 1828 1963 1465 1125 442 26 269 1311 1284 769 1004 1385 1526 410 1887 952 206 372 223 565 1030 594 1552 1370 966 1271 470 892 869 1946 129 652 1715 1918 1847 786 1206 1436 294 850 93 171 937 1592 1727 1113 1633 515 333 1349 196 74 916 1796 1250 1818 560 1614 678 1496 760 1516 438 1576 840 1697 1778 1200 360 1239 1060 1460
681 322 1781 1902 722 1202 664 1423 1863 563 1942 1323 1804 23 741 546 1647 1765 588 504 362 1962 706 221 268 767 50 287 1607 250 204 1671 1628 612 127 430 1446 1549 469 89 1188 1110 931 1173 1469 967 1831 120 1508 1590 1154 895 1134 1895 1011 1317 1726 628 998 1851 1274 68 1414 190 1934 1347 1074 530 1398 1234 877 400 796 320 1037 358 491 448 834 1998 1719 818 413 1253 177 1055 1296 658 956 1380 1578 1696 1760 1499 920 159 19 1539 860 1100
921 1201 801 402 1243 121 421 823 562 861 585 1024 1561 1905 186 1746 245 1646 502 1985 685 763 948 644 1625 551 1964 607 1327 110 1606 222 1366 1227 5 1386 1285 1673 1269 715 165 1547 486 1089 1448 350 374 1773 1892 1006 393 1878 894 1716 1814 57 1193 292 274 789 1071 1849 34 1930 1793 1688 318 852 674 631 1476 1416 1439 73 1157 1348 477 750 1115 1594 1731 1953 337 97 1530 154 534 1177 216 918 459 1498 1835 739 977 1517 1059 1139 999 1320
1 301 1122 1064 42 1822 1043 182 982 1864 941 146 1764 666 544 1645 830 1402 1487 1302 1705 1987 884 704 625 1222 1365 284 1325 408 1909 465 805 1086 1923 111 1670 271 1965 163 1808 862 86 566 526 1566 596 1467 747 1286 431 783 932 968 775 352 1190 510 1509 1685 1553 653 1724 1455 1852 851 618 736 1035 257 72 914 1397 378 1211 399 1114 37 1898 1159 213 1954 1598 452 1277 1016 137 340 237 1257 1535 1758 1356 1799 1618 1440 1639 699 500 1180
1121 961 324 143 1042 1282 825 1941 1823 726 1663 1463 81 1803 1261 105 1324 1908 407 742 1986 1564 1305 123 764 950 363 46 888 626 1604 267 428 552 1225 609 1411 1003 62 1434 1886 1028 508 389 905 714 648 592 686 1791 1874 1583 1387 1769 928 1109 289 527 252 1174 1153 1376 1510 32 1650 787 996 474 169 12 315 1853 853 193 1968 675 1555 1753 1729 1076 1634 878 1248 1693 1938 1493 1195 450 817 359 1217 1533 236 1720 1458 1357 498 580 220 1099
621 1242 2 1661 145 464 1643 501 1424 984 943 1881 642 523 24 1623 885 547 903 731 1766 124 1310 201 1382 1788 745 844 485 1444 1151 391 1106 1087 1330 118 1049 1130 1585 1550 88 597 56 1912 930 719 772 1506 813 1373 1290 376 1880 1846 970 1231 224 616 1718 1073 316 832 577 172 1415 1528 1728 1479 793 1210 277 1936 357 880 1492 75 1755 336 1176 200 695 679 260 1196 454 1575 415 1960 297 440 1019 2000 1977 1698 1358 1619 1040 1280 1839 1820
401 1541 101 325 1164 583 1067 1482 803 1683 1102 345 1882 1502 923 247 1364 1826 705 1148 887 147 1084 1427 1870 606 506 1767 1807 1750 1706 988 904 1581 1413 1313 1676 1388 746 1032 1997 867 1189 650 1843 311 778 1948 669 1451 471 1013 790 558 13 1919 1932 1135 854 60 1631 1478 397 276 531 96 1276 633 1653 691 1973 197 39 78 1797 835 954 1615 451 1353 215 1572 1218 1254 234 495 439 1056 1235 1536 1737 738 976 579 180 1339 1299 299 379 140
1141 341 1421 1041 1481 1783 1862 1065 1361 1166 724 326 1621 883 1824 1082 1984 985 1907 945 1266 1721 302 643 1884 61 1307 765 385 83 427 202 1381 965 1126 1608 1187 371 1751 272 807 593 1809 1108 119 167 1586 55 1677 909 866 1710 1289 556 1471 1009 8 935 617 151 512 672 1854 529 36 476 1417 1554 1457 720 795 1971 1692 1654 692 1350 198 1940 259 578 758 637 1958 1335 1531 1255 839 456 1577 1219 497 858 138 1518 1039 418 1779 240 300 1240
1741 1762 1543 343 1022 1662 404 1182 1784 43 327 185 262 602 842 1265 283 249 1406 1827 505 1624 1149 366 1993 1224 125 1432 27 711 388 85 114 925 1170 991 907 166 1810 1910 1875 1468 1589 749 893 774 1288 1712 1929 574 1894 1375 150 1051 1511 208 670 472 735 488 1491 1318 630 1112 559 70 1396 319 1456 1969 1075 1949 879 1249 1137 599 1092 437 1694 16 1216 836 696 453 1573 1336 235 800 1018 957 1736 535 1659 1537 820 1860 660 1359 1620 980
1761 321 1441 1063 1861 403 702 1982 1544 381 1167 1802 983 902 1664 263 1262 829 1883 667 1404 361 503 1489 481 886 548 1426 964 1150 49 466 734 1186 1105 429 564 1684 1504 613 117 809 1649 128 63 90 927 308 1927 1391 31 1713 1374 1915 1132 1845 291 7 1293 168 1612 1473 1014 1346 1034 1319 152 192 873 1569 794 654 356 1212 1972 636 752 857 258 600 1596 1332 1956 232 1095 1532 1256 455 1734 1757 1058 217 1236 960 1640 780 1800 1840 539 700
821 1021 721 661 1742 1601 281 1682 244 1904 1401 1644 1704 1363 1841 922 1002 1268 1869 947 1245 108 1169 550 386 1326 1428 708 368 507 1668 1786 610 806 591 647 1994 52 992 1341 87 1131 307 1770 349 1568 1315 1287 776 847 1470 1191 1070 33 1454 788 1817 10 189 576 1393 1630 1053 475 330 1208 1156 173 1513 915 1730 875 1557 688 434 1937 753 279 229 76 1950 447 896 492 214 1599 972 155 414 1118 1534 639 1834 1096 1500 139 1238 1980 1900 540
1901 1142 822 323 1763 543 1821 663 1165 463 901 1321 344 1866 1622 604 1943 106 1083 1806 426 1303 1488 1989 949 25 843 387 1748 709 1842 768 590 1226 443 1127 567 1203 1343 1709 1372 812 149 1893 1192 1686 1033 65 995 1453 1651 130 254 209 1246 1438 1072 871 59 317 1054 295 1477 513 792 1419 195 632 278 14 1400 754 1515 657 230 1939 1558 1597 1974 494 1798 1278 1574 697 1017 1119 99 1297 737 1617 536 178 416 899 1538 979 1739 1680 940 380
1061 1161 542 261 1461 1981 1501 584 161 641 827 728 423 82 1562 1263 406 187 1221 946 1408 1524 1308 1871 608 286 1430 1328 370 1027 1609 51 113 1445 906 1675 1582 468 810 1889 348 1371 717 1708 993 1771 571 777 445 969 313 1008 253 1815 487 848 1392 629 671 1052 1931 35 394 1155 71 1967 1794 1556 332 874 1920 1856 1247 689 210 1655 798 136 1116 1833 1093 756 1495 1957 1354 1636 158 519 239 898 1759 1220 1199 18 1738 1699 1140 939 538 1300
541 1062 561 1521 1181 144 241 1144 422 184 103 1462 1425 1362 1665 1264 1486 1825 684 962 1747 1045 1990 364 47 84 346 733 484 589 1790 1005 611 390 28 1888 716 808 1031 908 1707 1390 1342 890 782 748 1314 1812 1772 1928 310 1876 273 1947 779 1844 1917 934 1230 1111 997 11 227 673 1613 872 855 1136 1418 296 1175 334 134 1656 532 212 1213 1695 1732 480 80 837 1334 638 518 1559 659 1258 457 1600 1298 1638 179 1979 959 1097 1520 420 1459 1580
1641 581 1101 882 1922 1743 183 1545 1522 382 545 1868 1304 1405 107 264 1490 1223 645 285 305 1626 1667 369 347 126 1789 1945 713 1128 1047 1029 1435 1505 54 1611 568 1389 1995 1567 864 1449 1344 771 1830 994 64 1914 91 1714 1378 1687 615 1591 1725 1012 1194 511 1272 936 953 256 1207 412 331 174 833 1970 478 153 856 635 1294 436 1899 490 677 816 799 1480 1777 757 1859 1819 1160 974 238 1259 1080 460 919 17 537 1179 740 698 1340 219 1098 40

