ILOSC ELEMENTOW: 10000 ***********************************************************************
PROCENT POSORTOWANYCH ELEMENTOW: 0.25 ============================================================================
570
563
568
499
494
491
498
491
497
498
PROCENT POSORTOWANYCH ELEMENTOW: 0.5 ============================================================================
354
351
347
347
354
348
341
350
359
345
PROCENT POSORTOWANYCH ELEMENTOW: 0.75 ============================================================================
262
259
261
259
267
262
265
260
264
269
PROCENT POSORTOWANYCH ELEMENTOW: 0.95 ============================================================================
234
233
238
235
240
230
236
233
240
233
PROCENT POSORTOWANYCH ELEMENTOW: 0.99 ============================================================================
234
232
241
234
244
233
246
245
239
236
PROCENT POSORTOWANYCH ELEMENTOW: 0.997 ============================================================================
231
231
228
232
225
242
241
233
227
240
ILOSC ELEMENTOW: 50000 ***********************************************************************
PROCENT POSORTOWANYCH ELEMENTOW: 0.25 ============================================================================
12449
12484
12311
12279
12422
12444
12550
12542
12618
12312
PROCENT POSORTOWANYCH ELEMENTOW: 0.5 ============================================================================
8731
8757
8734
8720
8824
8723
8714
8828
8726
8785
PROCENT POSORTOWANYCH ELEMENTOW: 0.75 ============================================================================
6578
6555
6539
6583
6546
6611
6637
6604
6598
6570
PROCENT POSORTOWANYCH ELEMENTOW: 0.95 ============================================================================
5830
5860
5815
5828
5837
5864
5832
5879
5905
5877
PROCENT POSORTOWANYCH ELEMENTOW: 0.99 ============================================================================
5888
5829
5899
5868
5870
5784
5871
5849
5821
5809
PROCENT POSORTOWANYCH ELEMENTOW: 0.997 ============================================================================
5800
5805
5857
5801
5791
5863
5831
5867
5861
5887
ILOSC ELEMENTOW: 100000 ***********************************************************************
PROCENT POSORTOWANYCH ELEMENTOW: 0.25 ============================================================================
50139
49658
49896
49892
49564
49462
49691
51151
48872
48879
PROCENT POSORTOWANYCH ELEMENTOW: 0.5 ============================================================================
34572
34481
35150
35251
35206
34734
34782
34664
34715
34569
PROCENT POSORTOWANYCH ELEMENTOW: 0.75 ============================================================================
26057
26029
26227
26402
26289
26234
26357
26312
26536
26350
PROCENT POSORTOWANYCH ELEMENTOW: 0.95 ============================================================================
23385
23377
23397
23427
23415
23559
23620
23457
23451
23424
PROCENT POSORTOWANYCH ELEMENTOW: 0.99 ============================================================================
23339
23438
23389
23356
23310
23319
23321
23517
23494
23409
PROCENT POSORTOWANYCH ELEMENTOW: 0.997 ============================================================================
23341
23383
23338
23502
23304
23286
23231
23259
23682
23287
