ILOSC ELEMENTOW: 10000 ***********************************************************
ILOSC POSORTOWANYCH ELEMENTOW: 0.25 =======================================================
3
3
3
3
3
4
3
4
3
3
3
3
4
4
3
4
4
4
4
4
3
4
3
3
3
4
3
3
3
4
3
3
3
3
4
3
4
3
4
3
3
4
3
3
3
3
3
4
4
3
4
4
4
3
4
3
3
3
4
4
3
3
4
4
3
3
3
3
3
3
3
4
4
3
3
3
3
4
4
4
3
3
3
3
3
4
3
3
3
4
3
4
3
3
4
3
3
4
3
3
ILOSC POSORTOWANYCH ELEMENTOW: 0.5 =======================================================
3
3
3
2
3
3
3
3
4
3
2
3
4
3
3
3
4
2
4
3
3
4
2
4
3
3
4
2
3
4
2
3
3
3
2
3
3
3
3
3
4
3
3
4
3
4
3
3
3
3
4
3
3
3
3
4
3
4
3
3
3
3
3
3
4
3
3
3
3
4
2
3
3
3
3
3
3
3
3
3
3
3
4
3
3
3
3
3
3
3
4
3
3
3
3
3
3
3
3
3
ILOSC POSORTOWANYCH ELEMENTOW: 0.75 =======================================================
3
2
3
3
3
3
3
4
4
3
3
3
3
3
3
2
3
3
3
2
3
3
3
3
2
3
4
3
3
3
3
3
3
3
3
3
3
3
3
3
3
2
3
3
3
3
3
3
3
3
3
3
3
3
3
3
3
3
3
3
2
3
3
3
3
3
2
2
2
2
3
4
3
3
2
4
3
2
3
4
3
4
3
3
4
3
3
3
3
3
3
3
3
3
3
3
3
3
3
3
ILOSC POSORTOWANYCH ELEMENTOW: 0.95 =======================================================
3
3
3
2
3
2
2
3
3
3
3
3
3
2
3
3
2
3
3
2
3
3
2
3
3
2
2
3
2
2
3
3
3
3
2
3
2
2
3
3
2
3
2
3
2
3
2
3
2
3
3
2
3
3
2
3
3
3
3
3
3
3
2
3
3
3
2
3
2
2
3
2
3
2
3
2
3
3
3
2
3
3
2
3
2
3
3
3
2
3
3
2
3
2
3
3
2
3
3
2
ILOSC POSORTOWANYCH ELEMENTOW: 0.99 =======================================================
3
2
3
2
3
2
3
3
2
2
3
3
2
3
2
2
3
3
2
3
3
3
2
2
3
3
2
3
3
2
3
3
3
4
3
3
4
2
2
2
3
2
3
3
2
3
2
2
2
3
3
2
3
3
3
3
2
3
2
3
3
3
2
3
2
2
3
3
3
3
3
2
3
3
3
3
2
3
2
2
3
3
2
2
3
3
3
2
3
2
2
2
2
2
3
2
3
2
3
3
ILOSC POSORTOWANYCH ELEMENTOW: 0.997 =======================================================
2
3
3
2
3
3
2
3
3
3
3
3
3
3
3
3
3
4
4
4
3
3
3
3
3
4
4
4
3
3
4
4
3
3
3
3
3
3
2
3
3
3
3
5
5
6
5
5
5
5
2
3
2
3
3
3
3
3
3
3
3
3
3
2
3
2
3
2
3
2
3
2
3
3
2
3
3
2
3
2
3
2
3
2
3
3
2
3
2
3
2
3
3
3
2
3
3
2
3
2
ILOSC ELEMENTOW: 50000 ***********************************************************
ILOSC POSORTOWANYCH ELEMENTOW: 0.25 =======================================================
18
18
18
17
18
18
18
17
18
17
18
20
18
17
18
18
17
18
18
17
18
17
18
17
18
17
18
17
18
17
18
17
18
17
18
18
17
21
18
17
18
18
17
18
17
18
17
18
17
17
18
17
18
17
18
17
18
18
17
18
17
18
20
18
18
17
18
18
18
17
17
17
18
17
17
18
18
18
17
18
17
18
18
17
18
18
18
17
18
18
17
18
18
17
18
17
18
18
17
18
ILOSC POSORTOWANYCH ELEMENTOW: 0.5 =======================================================
16
16
16
16
16
16
17
16
17
16
16
16
16
16
17
16
17
16
16
17
16
16
16
16
17
16
17
16
16
17
16
17
16
16
16
16
17
17
16
17
16
17
19
16
16
16
16
16
16
17
16
16
16
16
17
16
17
16
17
16
16
17
16
17
16
16
17
17
16
20
16
17
16
16
16
16
17
16
16
16
16
17
16
17
16
17
16
16
17
17
16
17
17
17
16
16
17
19
16
16
ILOSC POSORTOWANYCH ELEMENTOW: 0.75 =======================================================
15
15
16
15
15
15
15
15
16
15
16
15
16
15
16
15
16
15
15
16
15
15
15
15
15
18
16
15
15
15
15
15
15
15
15
15
15
16
15
16
15
15
16
16
15
16
15
16
15
15
15
15
15
15
17
15
15
16
15
15
15
15
15
15
15
15
16
15
15
15
15
15
15
15
15
15
15
15
16
16
16
16
16
19
15
15
15
15
16
15
15
15
15
15
15
17
15
15
15
15
ILOSC POSORTOWANYCH ELEMENTOW: 0.95 =======================================================
14
15
14
15
14
15
14
15
14
14
14
15
15
15
15
15
15
15
15
14
15
14
14
14
14
15
15
15
15
15
14
14
14
15
15
14
15
15
15
15
15
15
14
17
15
15
14
14
15
15
15
15
14
14
15
15
14
14
15
14
14
14
15
15
15
15
15
14
14
14
15
15
15
19
14
15
15
15
15
15
15
15
14
15
15
15
15
15
14
14
14
14
15
15
15
15
14
14
14
14
ILOSC POSORTOWANYCH ELEMENTOW: 0.99 =======================================================
14
14
18
14
14
15
15
15
14
15
15
14
14
15
15
15
15
14
15
15
14
15
15
15
15
15
15
14
14
15
15
15
15
17
15
15
14
15
15
15
14
14
15
14
14
14
15
15
15
15
14
14
15
15
15
14
15
15
15
15
14
14
17
15
15
14
14
15
15
15
15
15
15
15
15
15
15
15
14
14
15
15
15
15
14
14
15
14
14
15
15
14
17
15
14
14
14
14
14
14
ILOSC POSORTOWANYCH ELEMENTOW: 0.997 =======================================================
14
15
15
15
14
14
14
15
15
15
14
14
15
15
15
15
14
14
14
14
15
15
17
14
14
14
15
15
15
15
15
15
15
14
15
15
14
14
15
15
15
15
14
15
15
15
14
15
15
14
14
15
17
15
14
14
15
15
15
14
15
14
14
14
14
15
15
15
15
15
14
15
15
15
14
14
15
15
14
14
15
14
16
15
15
14
14
15
14
15
16
15
14
14
14
15
15
14
14
15
ILOSC ELEMENTOW: 100000 ***********************************************************
ILOSC POSORTOWANYCH ELEMENTOW: 0.25 =======================================================
37
37
37
37
38
38
37
37
37
37
38
36
37
36
37
37
37
39
36
37
36
37
36
37
38
36
37
36
37
37
40
37
37
37
37
36
36
37
37
37
36
38
40
37
37
38
36
37
36
36
36
36
38
37
37
40
37
37
37
37
37
37
37
37
37
37
37
40
37
37
37
37
37
37
38
37
37
37
37
37
41
37
37
36
36
37
36
37
37
37
37
37
38
37
37
37
37
37
37
38
ILOSC POSORTOWANYCH ELEMENTOW: 0.5 =======================================================
34
35
34
34
34
35
36
35
34
34
34
34
34
35
34
34
35
34
34
37
34
35
34
34
35
35
35
34
34
34
34
35
38
35
34
34
34
34
35
34
34
35
34
34
35
34
35
35
35
34
35
35
34
34
35
34
35
35
35
37
34
34
34
35
34
34
35
34
35
34
35
34
37
34
34
35
34
34
34
34
34
35
34
35
34
35
36
34
35
34
35
34
34
35
36
34
35
34
34
38
ILOSC POSORTOWANYCH ELEMENTOW: 0.75 =======================================================
32
32
32
34
33
33
33
32
32
32
32
32
33
35
32
32
32
32
32
32
32
32
33
32
32
32
32
36
33
32
32
32
32
32
32
31
32
32
32
32
32
33
32
32
33
33
33
33
33
32
32
33
32
33
33
36
32
33
33
32
33
33
33
33
33
33
33
32
33
37
33
33
33
33
33
33
33
33
33
32
33
33
32
32
35
32
33
33
32
32
33
33
32
32
32
32
33
35
32
33
ILOSC POSORTOWANYCH ELEMENTOW: 0.95 =======================================================
32
32
32
32
31
31
31
31
32
31
31
31
34
30
31
31
30
31
31
30
32
32
31
30
31
31
32
30
31
30
31
31
31
30
31
31
31
30
31
31
32
34
31
31
31
31
31
31
31
31
30
31
31
31
30
34
31
31
31
31
31
31
31
31
31
30
31
31
31
30
33
31
31
31
31
31
30
31
32
31
31
32
31
31
31
31
31
31
30
31
31
31
30
31
30
31
31
30
31
34
ILOSC POSORTOWANYCH ELEMENTOW: 0.99 =======================================================
31
31
31
30
30
30
31
31
31
30
30
31
31
31
34
30
31
31
30
31
31
30
31
31
31
31
30
30
32
32
31
31
31
31
32
30
31
31
31
30
31
31
30
33
30
31
30
31
30
31
31
31
30
30
31
31
31
31
33
32
31
31
31
31
30
31
30
30
31
31
31
31
35
31
30
31
31
30
30
30
31
31
32
31
31
30
31
34
31
30
31
31
31
31
31
30
30
32
31
31
ILOSC POSORTOWANYCH ELEMENTOW: 0.997 =======================================================
31
31
33
31
30
30
32
31
30
31
30
31
31
32
30
30
31
31
30
31
31
31
31
30
31
31
30
30
31
31
31
33
31
30
30
31
30
30
31
30
30
31
30
30
31
32
32
31
32
30
31
31
30
31
30
31
31
32
31
31
35
31
30
31
31
31
30
31
30
31
31
30
31
30
31
33
30
31
31
31
31
30
31
31
30
31
31
30
30
31
33
31
31
31
31
31
32
31
30
31
ILOSC ELEMENTOW: 500000 ***********************************************************
ILOSC POSORTOWANYCH ELEMENTOW: 0.25 =======================================================
208
205
204
207
205
206
205
208
205
205
209
206
208
204
207
205
205
205
204
208
203
207
204
206
205
205
208
205
207
205
204
204
204
207
204
208
204
205
208
206
207
204
207
205
205
205
204
207
204
208
205
205
208
204
208
205
209
205
205
206
204
206
204
206
205
205
207
205
207
209
214
211
212
205
204
207
204
209
204
207
205
204
208
206
208
205
206
204
206
208
205
209
205
208
205
204
209
205
208
204
ILOSC POSORTOWANYCH ELEMENTOW: 0.5 =======================================================
195
192
194
194
192
193
191
191
194
192
195
192
192
194
192
194
192
191
193
192
196
192
192
194
191
196
193
191
193
191
195
192
192
196
191
194
192
192
193
191
195
191
194
192
192
195
192
194
192
192
194
192
195
193
193
192
191
195
192
193
196
192
194
193
192
195
192
194
191
192
193
193
194
191
192
194
191
194
193
194
191
191
197
191
196
191
192
196
191
194
191
192
195
191
195
192
192
195
191
195
ILOSC POSORTOWANYCH ELEMENTOW: 0.75 =======================================================
182
181
185
180
183
181
181
183
181
180
183
180
182
180
181
185
181
184
180
181
184
180
181
184
181
183
180
181
185
181
181
180
182
184
180
181
184
181
183
180
181
184
180
182
180
181
184
180
181
183
181
184
181
180
183
181
180
183
181
184
183
181
183
181
183
181
180
184
180
180
182
180
184
181
180
185
181
183
180
181
184
181
182
180
181
183
181
180
183
181
182
180
181
181
180
180
183
181
183
181
ILOSC POSORTOWANYCH ELEMENTOW: 0.95 =======================================================
174
178
174
175
174
173
178
174
173
177
174
174
177
175
174
173
174
178
174
174
177
174
176
176
174
175
173
174
177
174
176
173
174
178
174
174
177
173
176
173
174
176
176
173
176
175
176
174
174
178
173
173
175
173
174
176
174
176
173
173
177
173
174
178
174
177
174
174
175
174
174
176
173
174
175
174
176
173
173
178
173
175
175
173
177
173
174
180
174
174
175
173
176
174
173
178
173
173
176
173
ILOSC POSORTOWANYCH ELEMENTOW: 0.99 =======================================================
175
173
173
176
173
172
176
172
176
173
172
175
173
172
176
172
173
173
173
177
172
174
175
173
173
177
173
176
173
173
176
172
172
176
172
176
173
173
174
172
172
176
172
172
174
173
175
174
172
176
172
173
175
172
174
174
172
176
172
173
175
173
177
172
173
175
174
172
175
173
173
174
174
176
173
172
175
173
173
175
173
176
172
173
175
173
173
176
172
173
173
173
176
174
173
175
173
172
176
173
ILOSC POSORTOWANYCH ELEMENTOW: 0.997 =======================================================
177
173
173
175
173
173
175
173
175
173
172
175
173
172
176
173
175
174
172
176
173
172
176
172
172
177
172
175
173
173
175
172
173
175
172
175
173
173
176
172
172
174
172
175
173
173
177
173
172
175
172
174
174
173
176
172
173
176
173
172
175
173
176
173
173
176
172
173
175
173
174
172
172
174
173
173
175
172
175
175
173
176
173
174
175
172
172
175
172
174
172
172
177
172
173
175
174
173
174
175
ILOSC ELEMENTOW: 1000000 ***********************************************************
ILOSC POSORTOWANYCH ELEMENTOW: 0.25 =======================================================
431
431
429
431
431
429
427
428
431
433
429
430
432
430
430
427
427
431
430
430
429
430
430
430
427
429
433
431
431
429
431
431
429
431
427
431
430
431
431
429
429
430
430
428
432
431
431
429
431
430
430
429
429
433
429
429
430
430
430
432
429
427
430
432
430
428
430
429
429
429
426
431
430
430
429
430
429
428
428
430
429
430
430
430
431
430
430
429
427
427
430
431
430
429
429
430
430
429
428
430
ILOSC POSORTOWANYCH ELEMENTOW: 0.5 =======================================================
403
403
403
403
401
401
403
403
403
404
406
400
402
404
404
403
402
400
404
403
403
403
403
401
401
404
405
404
404
401
401
404
403
404
406
405
400
403
404
404
404
403
400
404
407
405
402
406
400
400
404
404
404
405
402
400
402
404
404
402
403
400
404
403
404
403
404
402
401
403
403
402
404
404
401
404
403
404
403
404
401
409
404
404
404
402
402
425
402
404
403
404
403
401
404
403
403
405
404
402
ILOSC POSORTOWANYCH ELEMENTOW: 0.75 =======================================================
380
381
381
381
378
377
381
381
380
378
381
382
381
383
378
379
379
381
382
381
379
382
383
382
379
377
381
381
381
378
379
382
381
381
379
377
382
381
381
379
380
384
381
382
377
378
380
381
382
379
379
380
383
380
379
379
381
380
381
379
378
381
380
381
380
378
381
382
381
380
379
382
381
381
378
378
379
381
381
379
380
380
379
381
377
381
381
379
381
379
382
382
382
380
378
381
381
380
383
378
ILOSC POSORTOWANYCH ELEMENTOW: 0.95 =======================================================
365
367
366
367
365
366
367
366
364
368
369
367
364
364
366
366
367
364
365
367
367
364
364
367
368
366
363
366
368
369
363
366
373
379
368
363
367
366
367
366
364
366
366
366
364
367
368
366
363
367
365
366
366
365
367
367
365
364
366
367
369
363
365
366
366
365
364
366
367
367
365
367
368
369
370
367
364
367
366
364
369
365
367
364
366
367
369
365
362
368
370
366
364
363
366
367
366
363
367
367
ILOSC POSORTOWANYCH ELEMENTOW: 0.99 =======================================================
368
363
364
365
367
363
362
365
366
366
364
366
366
364
361
361
364
364
366
362
367
365
366
363
364
365
367
364
363
364
365
365
361
365
363
364
361
364
363
364
366
363
366
363
366
362
372
374
371
361
362
366
366
364
362
365
365
365
361
366
364
366
366
362
364
364
364
362
366
365
364
362
364
364
364
364
361
366
366
365
361
365
367
364
361
362
365
364
366
362
365
365
365
363
364
366
363
365
362
366
ILOSC POSORTOWANYCH ELEMENTOW: 0.997 =======================================================
365
364
363
367
365
398
408
412
398
402
383
388
386
384
379
377
368
374
362
362
361
365
367
363
366
365
364
371
367
368
370
365
367
366
366
370
363
361
369
366
366
363
365
367
365
362
366
365
366
362
363
367
366
367
362
365
366
364
363
362
366
366
366
366
365
364
366
361
366
365
364
362
363
366
373
372
363
367
369
372
370
365
364
369
365
363
365
364
365
364
362
366
366
365
362
365
366
365
362
367
