ILOSC ELEMENTOW: 10000 *************************************************************************
4
4
3
4
3
3
4
3
4
4
4
3
4
4
3
4
3
4
3
3
4
3
4
4
4
4
3
4
4
4
3
4
3
3
4
4
4
3
4
4
4
4
4
3
4
3
3
4
4
4
4
4
4
3
3
4
4
4
4
3
3
3
4
4
4
4
4
4
3
3
4
4
3
3
4
3
3
4
3
4
3
4
4
4
3
4
4
3
3
3
4
3
4
3
3
4
4
3
4
4
ILOSC ELEMENTOW: 50000 *************************************************************************
20
19
20
22
21
22
19
22
20
22
20
20
21
20
20
23
22
20
19
20
21
19
21
19
22
20
18
19
21
22
22
18
22
20
20
19
22
21
20
20
20
20
19
21
21
22
22
21
19
21
24
19
20
21
21
21
19
21
22
21
20
20
20
20
20
21
19
19
18
19
18
18
19
18
19
19
19
19
19
19
18
18
19
19
19
18
19
18
19
18
19
19
19
19
19
18
19
18
20
19
ILOSC ELEMENTOW: 100000 *************************************************************************
40
40
41
43
41
49
43
40
40
39
39
39
39
39
39
41
42
41
41
40
40
41
41
41
40
40
40
40
40
40
40
40
40
39
39
39
40
40
40
40
42
44
41
39
40
40
39
40
40
41
41
40
40
40
40
40
39
39
39
40
39
40
46
41
41
39
39
40
39
40
39
39
42
40
40
41
40
40
39
44
42
40
40
39
40
39
40
40
40
43
39
39
40
40
39
39
39
40
40
39
ILOSC ELEMENTOW: 500000 *************************************************************************
217
222
250
224
218
218
223
225
219
222
219
218
219
223
219
220
221
219
221
218
219
217
219
217
217
219
218
220
217
218
218
219
220
217
220
218
218
217
221
219
217
216
219
217
217
220
217
219
219
221
218
220
217
218
217
216
218
218
219
217
218
217
219
216
217
219
219
219
219
220
218
238
216
219
217
217
221
217
219
218
220
217
220
217
220
217
218
217
220
219
222
220
219
218
218
219
218
217
218
217
ILOSC ELEMENTOW: 1000000 *************************************************************************
456
458
454
455
458
455
455
455
456
456
455
454
455
451
454
455
452
457
456
456
455
456
456
454
453
454
453
455
452
453
455
457
456
456
459
457
455
453
456
455
455
453
454
457
453
453
456
454
456
454
454
454
454
454
455
456
454
455
453
455
455
453
457
459
453
457
454
455
455
454
454
457
455
454
456
455
454
454
454
456
456
456
455
454
457
457
456
456
456
454
454
453
451
453
456
455
456
456
454
456
ILOSC ELEMENTOW: 10000 *************************************************************************
3
3
3
3
3
2
2
3
2
3
3
3
3
3
3
3
3
4
3
3
3
4
2
3
3
2
2
2
3
3
3
3
2
2
4
3
2
3
3
2
2
2
2
3
3
2
3
3
3
3
3
2
3
2
2
3
2
2
3
3
3
2
3
2
3
2
3
3
3
3
3
2
2
3
3
2
2
2
3
3
3
2
2
3
3
3
3
3
2
2
3
3
3
3
3
2
2
3
3
3
ILOSC ELEMENTOW: 50000 *************************************************************************
14
16
17
16
15
15
16
15
14
15
15
16
15
14
16
15
14
15
15
16
16
14
17
15
14
16
15
14
14
14
15
14
14
14
15
16
14
14
15
15
14
14
14
15
15
14
15
14
14
14
15
14
15
15
14
14
15
14
15
15
15
15
14
14
15
15
14
15
15
14
15
14
14
15
14
14
14
14
15
14
14
15
15
14
14
14
15
14
14
15
15
14
14
15
15
14
14
15
14
14
ILOSC ELEMENTOW: 100000 *************************************************************************
30
30
30
30
30
30
30
32
31
30
30
30
30
30
30
30
30
30
29
30
30
31
30
30
30
30
30
30
34
30
30
31
30
30
30
34
30
30
30
30
30
30
32
30
31
30
30
30
30
31
30
30
30
30
30
30
31
30
30
31
30
30
31
32
30
30
30
30
30
30
30
30
31
30
30
31
31
30
30
30
30
30
30
31
30
30
30
30
30
30
30
31
30
30
30
30
30
31
30
30
ILOSC ELEMENTOW: 500000 *************************************************************************
174
170
170
170
174
172
171
171
171
173
172
170
170
169
171
173
170
171
173
172
171
171
171
172
173
171
170
170
173
172
170
170
176
179
171
171
171
171
173
174
171
170
170
172
173
170
170
171
173
173
171
170
170
172
170
171
171
171
172
171
170
170
172
172
171
171
169
172
173
170
170
170
174
171
171
170
170
171
171
170
171
172
172
170
172
170
172
172
171
171
171
173
176
170
171
170
172
172
171
171
ILOSC ELEMENTOW: 1000000 *************************************************************************
361
368
386
383
384
376
360
359
358
357
357
358
357
358
358
357
357
357
358
358
358
357
359
358
357
359
358
358
358
357
360
358
359
358
358
358
357
359
361
359
359
358
358
358
359
358
359
358
359
359
359
358
358
360
359
359
360
359
359
358
359
358
357
359
359
358
362
357
359
357
359
358
360
360
358
358
358
359
359
359
359
360
359
361
360
358
360
361
359
358
358
359
358
359
359
359
358
360
359
360