ILOSC ELEMENTOW: 10000 *************************************************************************
2
2
2
2
2
2
2
1
2
2
2
1
2
2
2
2
1
2
1
3
2
2
2
2
2
1
1
2
2
2
2
2
2
2
1
2
2
2
2
2
2
2
2
1
2
2
2
2
2
1
2
1
3
3
1
2
2
2
2
2
2
2
2
2
2
2
2
2
2
2
2
1
2
2
2
2
2
1
2
2
2
2
2
2
2
2
2
2
2
2
3
2
1
2
2
2
1
2
2
2
ILOSC ELEMENTOW: 50000 *************************************************************************
11
10
11
11
11
11
10
11
11
10
10
11
10
9
10
11
11
12
11
9
11
10
11
11
10
10
10
11
11
10
12
11
11
10
11
11
10
11
9
12
10
10
10
11
9
12
9
10
10
11
9
9
9
11
11
10
9
11
10
10
10
10
10
10
10
9
10
12
9
10
10
11
10
10
11
11
11
11
10
9
10
9
11
10
10
11
10
11
11
11
10
11
10
11
10
9
10
12
10
10
ILOSC ELEMENTOW: 100000 *************************************************************************
23
21
22
21
22
22
22
22
22
21
21
19
20
24
22
21
21
21
21
22
23
22
21
23
21
24
22
22
21
19
21
22
21
21
22
21
21
20
20
19
19
20
19
20
20
20
19
21
19
20
19
19
19
20
19
19
19
19
19
19
20
20
19
19
20
19
19
20
19
20
21
20
20
19
19
19
19
19
19
20
20
20
19
19
19
19
19
19
20
20
19
19
19
21
20
19
19
19
19
20
ILOSC ELEMENTOW: 500000 *************************************************************************
104
105
106
105
106
106
105
111
105
105
105
110
107
106
105
106
109
105
105
106
110
106
106
106
109
106
106
106
106
108
106
105
106
107
106
105
105
108
105
105
105
110
105
106
106
106
111
106
107
106
109
105
105
105
108
104
105
106
105
108
105
105
106
112
105
105
106
109
105
105
105
106
109
106
105
105
107
105
105
106
106
106
105
107
106
110
107
105
105
108
105
105
105
106
105
106
106
106
108
105
ILOSC ELEMENTOW: 1000000 *************************************************************************
220
224
220
223
219
224
220
224
224
232
233
223
221
225
222
223
219
225
222
224
224
223
223
220
225
222
224
219
223
223
222
220
225
221
228
220
223
221
223
220
225
220
223
219
220
222
219
227
220
225
221
226
221
223
219
224
221
224
221
224
220
226
219
224
221
222
221
220
224
221
228
220
224
221
224
221
223
221
224
222
225
220
224
220
223
223
224
220
221
221
222
222
220
226
224
225
226
226
223
228
ILOSC ELEMENTOW: 10000 *************************************************************************
1
1
1
1
1
2
1
2
1
2
1
1
1
1
1
1
1
1
1
1
1
1
1
1
1
1
1
1
1
1
1
1
1
1
1
1
1
1
1
1
1
1
1
1
1
1
1
1
1
1
1
1
1
1
1
1
1
0
1
1
1
1
1
1
1
1
1
1
1
1
1
0
1
1
1
2
1
0
0
1
1
1
1
0
1
1
1
1
1
1
1
1
1
1
1
1
1
1
1
1
ILOSC ELEMENTOW: 50000 *************************************************************************
6
5
5
5
6
6
6
5
6
6
5
7
5
6
5
5
5
5
5
6
5
5
6
6
6
11
10
9
10
11
11
12
10
10
11
10
13
11
9
13
13
10
10
10
13
10
11
10
10
10
9
10
10
10
10
10
9
10
10
10
10
10
9
11
10
10
5
5
4
5
4
5
5
5
5
5
5
5
5
5
5
5
4
4
5
5
5
4
5
4
5
5
5
5
4
5
5
5
5
5
ILOSC ELEMENTOW: 100000 *************************************************************************
11
10
10
10
10
11
10
10
11
10
11
11
11
11
11
11
12
11
11
10
10
11
10
10
10
10
10
10
10
10
10
11
11
10
10
10
10
10
10
10
10
11
10
10
10
10
11
12
10
10
11
10
10
11
10
10
10
11
10
11
10
10
10
10
10
10
11
10
11
11
11
11
10
10
10
10
11
10
10
10
11
11
11
11
10
10
10
10
10
10
11
10
10
10
10
11
10
10
11
10
ILOSC ELEMENTOW: 500000 *************************************************************************
64
62
62
62
62
63
63
63
62
62
63
62
66
62
63
62
62
63
62
64
63
61
62
62
63
62
63
62
62
62
62
62
62
62
62
62
63
62
64
62
62
63
62
64
62
66
62
62
62
62
64
63
62
63
62
62
62
65
62
61
62
62
62
62
65
62
62
62
63
62
62
62
62
62
62
62
65
62
63
62
63
62
61
65
63
62
62
62
62
62
63
62
62
62
62
63
63
63
62
61
ILOSC ELEMENTOW: 1000000 *************************************************************************
132
133
134
134
132
133
132
133
134
133
134
133
133
133
133
132
134
133
133
133
133
134
133
133
133
133
134
134
133
134
134
132
132
132
134
133
132
133
134
132
133
132
133
133
133
133
132
134
133
142
134
133
134
133
133
133
132
133
135
133
134
133
133
133
133
133
134
133
132
133
133
135
136
132
133
133
133
133
134
132
143
148
153
137
143
144
139
133
136
133
133
132
133
132
134
134
133
133
133
132
