ILOSC ELEMENTOW: 1000 ***********************************************************
ILOSC POSORTOWANYCH ELEMENTOW: 0.25 =======================================================
1
1
1
1
0
1
0
1
1
0
1
1
1
1
0
0
0
0
1
0
0
0
0
0
0
0
0
0
0
1
1
1
1
0
0
0
0
0
1
0
0
1
1
0
0
0
0
0
0
0
1
0
0
1
0
0
1
1
0
0
0
1
0
0
0
0
0
0
0
0
1
0
0
0
0
1
0
0
0
1
0
0
1
0
0
0
1
0
0
0
0
0
1
0
1
0
0
0
0
0
ILOSC POSORTOWANYCH ELEMENTOW: 0.5 =======================================================
0
0
0
0
0
1
0
0
0
0
0
0
0
0
0
0
0
0
0
0
0
0
0
1
0
0
1
0
0
0
0
0
1
1
0
1
0
0
1
0
0
0
0
1
1
0
0
1
1
0
0
0
0
0
1
0
0
0
0
0
0
0
1
0
0
1
0
1
0
1
0
0
1
1
0
1
0
1
1
1
0
0
0
0
0
0
0
1
0
0
0
0
1
0
0
0
1
0
1
0
ILOSC POSORTOWANYCH ELEMENTOW: 0.75 =======================================================
0
0
0
1
0
0
0
0
0
0
1
0
0
0
0
0
0
0
0
0
0
0
1
0
0
0
0
1
0
0
0
0
1
0
0
0
0
1
0
0
0
0
1
0
0
0
0
1
0
0
0
0
0
1
0
0
0
0
1
1
0
0
0
0
0
1
0
1
0
0
0
0
1
0
0
0
0
1
0
0
0
0
1
0
0
0
0
0
1
0
0
0
0
0
0
1
0
0
1
0
ILOSC POSORTOWANYCH ELEMENTOW: 0.95 =======================================================
0
1
0
0
0
0
0
0
0
0
0
0
0
0
0
0
1
0
0
1
0
0
1
0
0
0
1
0
0
1
0
0
1
0
0
0
0
0
0
0
1
0
0
1
0
0
1
0
0
0
1
0
0
1
0
0
0
0
0
0
0
0
0
0
0
0
1
0
0
1
0
0
1
1
0
0
0
0
0
1
0
0
0
0
0
0
0
1
0
0
0
0
0
0
0
1
0
0
0
0
ILOSC POSORTOWANYCH ELEMENTOW: 0.99 =======================================================
0
1
0
0
0
0
1
1
0
0
0
0
1
0
0
0
0
0
0
1
1
0
0
0
0
0
0
1
0
0
0
0
0
0
1
0
0
0
0
0
1
0
0
0
0
0
1
0
0
0
0
0
0
1
0
0
0
0
0
1
0
0
0
0
0
0
1
0
0
0
0
0
0
1
0
0
0
0
0
0
1
1
0
0
0
0
0
1
1
0
0
0
0
0
0
0
0
1
0
0
ILOSC POSORTOWANYCH ELEMENTOW: 0.997 =======================================================
0
0
1
1
0
0
0
0
0
1
0
0
0
0
0
0
0
1
0
0
0
0
0
0
0
0
0
0
0
0
0
1
1
0
0
0
0
0
1
0
0
0
0
0
0
1
0
0
0
0
0
1
0
0
0
0
0
1
0
0
0
0
0
1
0
0
0
0
0
0
1
0
0
0
0
0
0
0
0
0
0
0
1
0
0
0
0
0
0
0
1
0
1
0
0
0
0
0
1
1
ILOSC ELEMENTOW: 1000000 ***********************************************************
229
228
230
226
227
226
226
226
227
227
227
226
229
227
228
225
228
226
227
223
226
226
227
228
229
226
228
229
230
226
226
225
224
252
226
227
238
235
224
228
246
235
244
220
220
222
225
224
224
222
220
220
225
225
226
224
222
220
218
226
220
221
220
227
231
227
227
226
225
226
224
224
226
227
226
225
224
227
225
225
228
225
226
219
221
227
227
224
225
225
224
226
225
224
225
224
224
225
226
226
ILOSC ELEMENTOW: 10000 ***********************************************************
3
3
3
3
3
2
3
3
3
3
3
3
3
3
3
1
2
1
2
1
2
2
2
2
2
1
2
2
1
1
2
1
2
1
2
1
2
1
2
1
2
2
1
2
1
2
2
2
1
2
1
2
1
2
2
2
1
2
1
1
2
1
1
2
1
2
2
1
2
1
2
1
2
1
2
2
1
2
1
2
1
1
2
2
1
2
1
1
2
2
1
2
1
2
2
1
2
1
2
2
ILOSC ELEMENTOW: 1000000 ***********************************************************
212
208
207
210
209
208
210
211
210
205
209
209
208
209
208
208
208
208
208
208
212
208
209
211
208
209
208
207
207
207
213
212
214
213
216
216
ILOSC ELEMENTOW: 1000000 ***********************************************************
211
208
209
208
207
207
207
208
210
212
212
213
213
ILOSC ELEMENTOW: 1000000 ***********************************************************
208
208
209
208
207
208
212
212
210
213
208
209
206
208
206
208
206
209
209
207
208
ILOSC ELEMENTOW: 10000 ***********************************************************
3
4
3
3
3
3
2
2
2
2
3
2
1
1
1
1
2
1
1
1
1
2
2
1
2
1
2
2
2
1
2
1
1
1
1
1
1
1
1
2
2
2
2
2
2
2
2
1
2
2
2
1
1
2
1
2
1
1
2
1
1
1
1
1
2
1
2
2
2
2
1
1
2
1
2
1
1
1
2
1
2
2
1
2
2
2
2
1
2
1
1
2
1
2
1
2
2
1
1
2
ILOSC ELEMENTOW: 1000000 ***********************************************************
212
206
207
205
206
205
206
206
205
205
205
207
206
206
205
207
206
207
207
208
208
209
212
215
218
214
222
212
220
212
213
207
219
221
223
226
214
219
252
222
229
222
211
213
215
207
223
226
222
206
232
259
216
214
219
226
210
215
208
209
205
209
212
207
207
207
214
207
208
206
209
209
209
207
210
208
209
208
207
210
205
208
207
207
207
207
214
206
205
206
209
206
209
208
210
208
210
208
211
206
ILOSC ELEMENTOW: 1000000 ***********************************************************
435
425
420
425
422
435
432
443
ILOSC ELEMENTOW: 10000 ***********************************************************
7
5
5
5
5
3
3
3
3
3
3
3
3
3
3
3
3
4
3
3
3
4
4
3
3
4
3
3
3
3
3
3
3
3
3
3
3
3
3
3
3
3
3
3
3
3
3
3
3
3
3
3
3
3
3
3
3
3
3
3
3
3
3
3
3
3
3
3
3
3
3
3
3
3
3
3
3
3
3
4
3
3
4
3
4
3
3
3
3
4
3
4
4
4
3
4
4
4
4
4
ILOSC ELEMENTOW: 10000 ***********************************************************
4
6
3
ILOSC ELEMENTOW: 100000 ***********************************************************
40
36
36
36
36
36
36
35
37
36
38
37
36
36
37
36
37
36
37
37
36
37
37
37
37
36
36
36
36
36
36
37
37
37
37
38
37
37
37
37
37
38
36
39
38
38
38
37
36
37
37
38
36
37
37
37
37
38
38
37
38
38
38
37
37
38
38
39
38
37
39
38
38
38
37
37
37
37
37
38
37
37
37
38
37
37
37
37
37
37
38
38
37
37
39
38
38
37
37
37
ILOSC ELEMENTOW: 1000 ***********************************************************
0
1
0
0
0
1
1
0
0
0
1
1
0
0
0
0
0
0
0
0
1
0
0
0
0
0
0
1
0
0
0
0
0
0
0
0
0
0
0
0
0
0
1
0
0
0
0
1
0
0
0
1
0
0
0
1
0
1
0
1
0
1
0
1
0
0
1
1
0
0
0
1
0
0
1
0
0
1
1
0
0
0
1
1
0
0
0
1
0
0
0
1
0
0
0
0
1
0
0
0
ILOSC ELEMENTOW: 1000 ***********************************************************
ILOSC ELEMENTOW: 100 ***********************************************************
0
0
0
0
0
0
0
0
0
0
0
0
0
0
0
0
0
1
0
0
0
0
0
0
0
1
0
0
0
0
0
0
0
0
0
0
0
0
0
0
0
0
0
0
0
0
0
0
0
0
0
0
0
0
0
0
0
0
0
0
0
0
0
0
0
0
0
0
0
0
0
0
0
0
0
0
0
0
0
0
0
0
0
0
0
0
0
0
0
0
0
0
0
0
1
0
0
0
0
0
ILOSC ELEMENTOW: 100 ***********************************************************
0
ILOSC ELEMENTOW: 20 ***********************************************************
0
ILOSC ELEMENTOW: 20 ***********************************************************
0
ILOSC ELEMENTOW: 50 ***********************************************************
0
ILOSC ELEMENTOW: 500 ***********************************************************
ILOSC ELEMENTOW: 50 ***********************************************************
0
ILOSC ELEMENTOW: 20 ***********************************************************
0
