0 500
0.02 500.063
0.04 500.25
0.06 500.56
0.08 500.992
0.1 501.528
0.12 502.167
0.14 502.904
0.16 503.717
0.18 504.597
0.2 505.532
0.22 506.492
0.24 507.508
0.26 508.503
0.28 509.511
0.3 510.472
0.32 511.397
0.34 512.278
0.36 513.104
0.38 513.838
0.4 514.47
0.42 515.023
0.44 515.429
0.46 515.745
0.48 515.936
0.5 516
0.52 515.936
0.54 515.745
0.56 515.429
0.58 515.023
0.6 514.47
0.62 513.838
0.64 513.104
0.66 512.278
0.68 511.397
0.7 510.472
0.72 509.511
0.74 508.503
0.76 507.508
0.78 506.492
0.8 505.532
0.82 504.597
0.84 503.717
0.86 502.904
0.88 502.167
0.9 501.528
0.92 500.992
0.94 500.56
0.96 500.25
0.98 500.063
1 500
1.02 500.063
1.04 500.25
1.06 500.56
1.08 500.992
1.1 501.528
1.12 502.167
1.14 502.904
1.16 503.717
1.18 504.597
1.2 505.532
1.22 506.492
1.24 507.508
1.26 508.503
1.28 509.511
1.3 510.472
1.32 511.397
1.34 512.278
1.36 513.104
1.38 513.838
1.4 514.47
1.42 515.023
1.44 515.429
1.46 515.745
1.48 515.936
1.5 516
1.52 515.936
1.54 515.745
1.56 515.429
1.58 515.023
1.6 514.47
1.62 513.838
1.64 513.104
1.66 512.278
1.68 511.397
1.7 510.472
1.72 509.511
1.74 508.503
1.76 507.508
1.78 506.492
1.8 505.532
1.82 504.597
1.84 503.717
1.86 502.904
1.88 502.167
1.9 501.528
1.92 500.992
1.94 500.56
1.96 500.25
1.98 500.063
2 500
2.02 500.063
2.04 500.25
2.06 500.56
2.08 500.992
2.1 501.528
2.12 502.167
2.14 502.904
2.16 503.717
2.18 504.597
2.2 505.532
2.22 506.492
2.24 507.508
2.26 508.503
2.28 509.511
2.3 510.472
2.32 511.397
2.34 512.278
2.36 513.104
2.38 513.838
2.4 514.47
2.42 515.023
2.44 515.429
2.46 515.745
2.48 515.936
2.5 516
2.52 515.936
2.54 515.745
2.56 515.429
2.58 515.023
2.6 514.47
2.62 513.838
2.64 513.104
2.66 512.278
2.68 511.397
2.7 510.472
2.72 509.511
2.74 508.503
2.76 507.508
2.78 506.492
2.8 505.532
2.82 504.597
2.84 503.717
2.86 502.904
2.88 502.167
2.9 501.528
2.92 500.992
2.94 500.56
2.96 500.25
2.98 500.063
3 500
3.02 500.063
3.04 500.25
3.06 500.56
3.08 500.992
3.1 501.528
3.12 502.167
3.14 502.904
3.16 503.717
3.18 504.597
3.2 505.532
3.22 506.492
3.24 507.508
3.26 508.503
3.28 509.511
3.3 510.472
3.32 511.397
3.34 512.278
3.36 513.104
3.38 513.838
3.4 514.47
3.42 515.023
3.44 515.429
3.46 515.745
3.48 515.936
3.5 516
3.52 515.936
3.54 515.745
3.56 515.429
3.58 515.023
3.6 514.47
3.62 513.838
3.64 513.104
3.66 512.278
3.68 511.397
3.7 510.472
3.72 509.511
3.74 508.503
3.76 507.508
3.78 506.492
3.8 505.532
3.82 504.597
3.84 503.717
3.86 502.904
3.88 502.167
3.9 501.528
3.92 500.992
3.94 500.56
3.96 500.25
3.98 500.063
4 500
4.02 500.063
4.04 500.25
4.06 500.56
4.08 500.992
4.1 501.528
4.12 502.167
4.14 502.904
4.16 503.717
4.18 504.597
4.2 505.532
4.22 506.492
4.24 507.508
4.26 508.503
4.28 509.511
4.3 510.472
4.32 511.397
4.34 512.278
4.36 513.104
4.38 513.838
4.4 514.47
4.42 515.023
4.44 515.429
4.46 515.745
4.48 515.936
4.5 516
4.52 515.936
4.54 515.745
4.56 515.429
4.58 515.023
4.6 514.47
4.62 513.838
4.64 513.104
4.66 512.278
4.68 511.397
4.7 510.472
4.72 509.511
4.74 508.503
4.76 507.508
4.78 506.492
4.8 505.532
4.82 504.597
4.84 503.717
4.86 502.904
4.88 502.167
4.9 501.528
4.92 500.992
4.94 500.56
4.96 500.25
4.98 500.063
5 500
5.02 500.063
5.04 500.25
5.06 500.56
5.08 500.992
5.1 501.528
5.12 502.167
5.14 502.904
5.16 503.717
5.18 504.597
5.2 505.532
5.22 506.492
5.24 507.508
5.26 508.503
5.28 509.511
5.3 510.472
5.32 511.397
5.34 512.278
5.36 513.104
5.38 513.838
5.4 514.47
5.42 515.023
5.44 515.429
5.46 515.745
5.48 515.936
5.5 516
5.52 515.936
5.54 515.745
5.56 515.429
5.58 515.023
5.6 514.47
5.62 513.838
5.64 513.104
5.66 512.278
5.68 511.397
5.7 510.472
5.72 509.511
5.74 508.503
5.76 507.508
5.78 506.492
5.8 505.532
5.82 504.597
5.84 503.717
5.86 502.904
5.88 502.167
5.9 501.528
5.92 500.992
5.94 500.56
5.96 500.25
5.98 500.063
6 500
6.02 500.063
6.04 500.25
6.06 500.56
6.08 500.992
6.1 501.528
6.12 502.167
6.14 502.904
6.16 503.717
6.18 504.597
6.2 505.532
6.22 506.492
6.24 507.508
6.26 508.503
6.28 509.511
6.3 510.472
6.32 511.397
6.34 512.278
6.36 513.104
6.38 513.838
6.4 514.47
6.42 515.023
6.44 515.429
6.46 515.745
6.48 515.936
6.5 516
6.52 515.936
6.54 515.745
6.56 515.429
6.58 515.023
6.6 514.47
6.62 513.838
6.64 513.104
6.66 512.278
6.68 511.397
6.7 510.472
6.72 509.511
6.74 508.503
6.76 507.508
6.78 506.492
6.8 505.532
6.82 504.597
6.84 503.717
6.86 502.904
6.88 502.167
6.9 501.528
6.92 500.992
6.94 500.56
6.96 500.25
6.98 500.063
7 500
7.02 500.063
7.04 500.25
7.06 500.56
7.08 500.992
7.1 501.528
7.12 502.167
7.14 502.904
7.16 503.717
7.18 504.597
7.2 505.532
7.22 506.492
7.24 507.508
7.26 508.503
7.28 509.511
7.3 510.472
7.32 511.397
7.34 512.278
7.36 513.104
7.38 513.838
7.4 514.47
7.42 515.023
7.44 515.429
7.46 515.745
7.48 515.936
7.5 516
7.52 515.936
7.54 515.745
7.56 515.429
7.58 515.023
7.6 514.47
7.62 513.838
7.64 513.104
7.66 512.278
7.68 511.397
7.7 510.472
7.72 509.511
7.74 508.503
7.76 507.508
7.78 506.492
7.8 505.532
7.82 504.597
7.84 503.717
7.86 502.904
7.88 502.167
7.9 501.528
7.92 500.992
7.94 500.56
7.96 500.25
7.98 500.063
8 500
8.02 500.063
8.04 500.25
8.06 500.56
8.08 500.992
8.1 501.528
8.12 502.167
8.14 502.904
8.16 503.717
8.18 504.597
8.2 505.532
8.22 506.492
8.24 507.508
8.26 508.503
8.28 509.511
8.3 510.472
8.32 511.397
8.34 512.278
8.36 513.104
8.38 513.838
8.4 514.47
8.42 515.023
8.44 515.429
8.46 515.745
8.48 515.936
8.5 516
8.52 515.936
8.54 515.745
8.56 515.429
8.58 515.023
8.6 514.47
8.62 513.838
8.64 513.104
8.66 512.278
8.68 511.397
8.7 510.472
8.72 509.486
8.74 508.503
8.76 507.508
8.78 506.492
8.8 505.532
8.82 504.597
8.84 503.717
8.86 502.904
8.88 502.167
8.9 501.528
8.92 500.992
8.94 500.56
8.96 500.25
8.98 500.063
9 500
9.02 500.063
9.04 500.25
9.06 500.56
9.08 500.992
9.1 501.528
9.12 502.167
9.14 502.904
9.16 503.717
9.18 504.597
9.2 505.532
9.22 506.492
9.24 507.508
9.26 508.503
9.28 509.511
9.3 510.472
9.32 511.397
9.34 512.278
9.36 513.104
9.38 513.838
9.4 514.47
9.42 515.023
9.44 515.429
9.46 515.745
9.48 515.936
9.5 516
9.52 515.936
9.54 515.745
9.56 515.429
9.58 515.023
9.6 514.47
9.62 513.838
9.64 513.104
9.66 512.278
9.68 511.397
9.7 510.472
9.72 509.486
9.74 508.503
9.76 507.486
9.78 506.492
9.8 505.532
9.82 504.597
9.84 503.717
9.86 502.904
9.88 502.167
9.9 501.528
9.92 500.992
9.94 500.56
9.96 500.25
9.98 500.063
