100 20 2000
20 15 57 1 18 16 44 17 17 7 66 20 34 5 83 14 76 2 66 9 20 18 94 6 67 11 76 13 1 12 84 19 31 10 78 4 16 8 15 3 91
20 3 56 14 91 20 62 12 32 17 61 5 49 7 27 18 94 6 92 9 27 11 7 13 99 16 26 2 80 1 90 4 61 8 40 19 74 15 18 10 38
20 11 25 7 61 3 5 17 73 8 9 4 17 14 25 10 99 15 22 20 24 5 92 9 91 18 19 12 20 1 34 2 82 19 91 6 38 16 87 13 13
20 13 30 10 50 19 13 5 77 20 10 15 92 4 85 7 84 14 98 6 25 2 59 17 69 18 68 11 48 3 79 1 90 8 41 16 60 9 58 12 73
20 17 70 3 93 9 72 7 17 15 2 13 87 1 19 20 44 4 38 12 29 8 62 11 44 19 18 14 52 6 63 16 41 18 99 5 68 2 42 10 1
20 20 64 9 65 2 34 14 73 18 32 4 17 11 31 3 80 10 63 13 13 8 3 6 34 16 2 5 60 15 6 7 93 17 39 12 31 1 58 19 6
20 18 91 3 65 15 22 11 4 1 72 20 50 8 85 4 4 19 7 9 58 14 96 16 21 7 62 12 15 5 79 10 36 6 58 17 43 13 21 2 45
20 7 6 20 3 13 21 12 1 14 60 11 32 9 31 8 43 10 85 1 59 5 48 2 11 4 70 16 21 17 88 19 92 6 90 3 4 15 49 18 42
20 15 89 17 99 7 84 1 69 20 35 6 22 10 42 19 13 3 5 4 33 18 15 9 22 11 16 2 12 13 22 16 26 12 52 8 11 14 39 5 39
20 14 1 6 67 17 70 5 74 7 52 20 35 16 83 2 2 10 57 15 24 8 58 12 78 9 65 18 44 3 95 13 5 1 47 11 69 4 66 19 38
20 11 65 6 71 2 34 3 6 7 88 19 96 10 80 12 87 9 56 13 15 4 62 18 75 14 61 8 3 15 56 16 67 5 6 20 37 1 34 17 4
20 8 23 6 43 18 28 11 78 4 77 9 55 15 27 5 80 14 42 7 51 17 54 1 9 13 85 19 93 3 77 12 31 20 76 16 43 2 29 10 8
20 20 55 6 49 4 22 1 21 9 57 8 25 3 2 2 87 10 74 16 94 18 7 17 85 11 46 5 75 19 91 13 39 15 21 7 17 12 66 14 83
20 20 42 5 8 17 25 18 42 8 39 6 12 3 11 16 73 10 25 9 63 2 65 19 57 7 77 11 49 1 18 15 1 13 84 4 58 12 67 14 8
20 4 30 1 26 9 35 15 40 6 34 17 1 20 88 5 92 3 53 12 58 13 32 18 70 10 11 16 24 14 64 8 50 2 68 7 99 19 38 11 11
20 6 38 18 93 3 50 11 69 7 78 10 62 16 70 1 45 12 7 4 87 5 77 8 87 9 86 2 66 20 35 17 42 14 82 19 55 15 28 13 23
20 11 82 5 99 16 98 14 50 10 49 15 22 2 9 3 52 4 21 17 38 1 50 20 74 12 58 8 44 9 5 19 53 18 61 7 21 6 89 13 62
20 3 12 9 60 8 27 12 74 1 60 18 8 5 26 14 3 20 30 13 6 4 46 16 63 17 67 6 17 11 75 19 57 10 51 7 52 15 13 2 87
20 20 68 10 23 4 6 17 20 11 74 18 30 13 14 14 46 3 49 16 67 7 34 5 47 9 83 19 45 6 43 1 75 8 41 2 81 12 80 15 55
20 3 43 15 17 16 26 9 5 5 22 11 51 1 9 13 61 2 16 6 93 18 76 20 34 14 5 12 30 8 81 17 36 7 13 10 23 19 76 4 31
20 5 25 10 57 18 51 12 51 6 22 9 91 17 32 2 22 20 7 3 99 19 61 16 7 8 67 13 87 15 95 14 79 11 19 7 37 4 92 1 23
20 1 57 4 23 14 99 12 45 6 47 7 59 15 53 2 68 19 68 3 55 20 19 17 76 16 30 9 87 5 55 8 77 13 12 11 40 10 30 18 76
20 17 96 9 25 3 83 5 41 18 76 19 45 8 23 16 65 15 73 13 35 7 4 4 47 20 60 14 74 11 94 2 51 1 50 12 82 10 84 6 11
20 3 89 13 76 15 15 19 68 12 81 10 81 20 55 8 56 7 78 16 46 6 92 2 15 5 5 11 12 17 49 9 60 14 94 18 12 4 33 1 47
20 11 56 10 14 17 80 1 11 2 50 8 51 20 83 14 65 15 87 3 50 4 78 7 6 13 18 16 40 5 43 9 87 18 74 19 76 6 73 12 51
20 16 63 4 55 6 49 7 52 19 66 10 27 11 66 8 1 15 83 14 23 18 49 2 95 5 48 12 26 17 56 20 20 1 7 13 6 3 43 9 52
20 16 29 20 90 9 83 5 33 12 91 7 45 18 71 4 49 13 90 8 72 17 79 11 56 14 65 2 11 3 74 19 36 6 76 15 1 1 2 10 74
20 7 89 12 18 14 73 6 45 19 37 4 44 1 25 17 86 8 66 3 19 18 76 2 31 16 44 9 12 5 54 20 73 10 42 15 1 11 91 13 31
20 2 73 1 19 17 97 13 50 8 74 5 30 19 4 10 69 16 44 18 98 11 19 7 2 20 90 12 34 4 46 9 76 15 81 6 76 14 40 3 50
20 3 4 20 60 12 5 1 19 19 49 17 26 14 18 6 96 8 37 5 55 9 83 2 72 15 76 16 38 7 95 11 98 4 65 18 74 10 80 13 97
20 1 16 17 64 2 20 19 58 11 99 20 4 4 9 9 59 10 29 12 26 3 23 15 10 16 15 18 21 6 19 8 98 7 77 14 80 5 76 13 25
20 14 51 16 33 2 14 6 63 15 46 11 6 7 53 13 27 5 99 1 87 9 15 8 77 12 66 3 3 20 51 18 3 10 9 17 34 4 77 19 54
20 10 67 13 98 11 57 6 74 17 47 8 12 7 92 20 30 9 45 1 39 14 36 5 12 2 86 15 88 18 15 3 89 12 96 19 69 4 43 16 72
20 18 84 8 67 17 30 9 69 19 6 10 87 6 58 2 37 20 87 14 12 5 90 15 38 11 47 16 99 1 8 3 30 4 48 12 30 7 7 13 98
20 5 92 4 74 19 8 13 86 10 36 7 78 12 6 15 2 11 42 2 14 8 72 18 94 9 83 6 4 17 50 1 90 20 80 16 27 14 45 3 71
20 20 78 14 41 10 17 1 86 15 83 9 71 13 54 11 80 6 68 8 16 17 88 18 40 16 88 4 11 12 9 7 54 5 3 19 24 3 81 2 18
20 20 72 8 64 10 68 18 46 14 29 6 92 3 74 16 68 4 12 2 68 15 87 17 80 19 81 1 44 11 76 9 9 7 26 12 31 5 37 13 82
20 8 44 1 53 18 86 14 67 13 4 15 14 2 47 9 19 7 50 19 68 3 65 4 22 10 97 6 11 11 34 16 75 20 11 12 14 5 78 17 80
20 10 63 8 48 9 63 20 43 13 9 4 82 2 13 15 48 19 3 12 69 17 47 14 3 5 56 6 32 18 41 1 10 3 48 16 16 7 98 11 59
20 7 42 9 91 19 11 8 37 17 97 2 40 6 35 15 96 4 95 10 26 20 80 5 61 12 69 3 16 18 59 13 65 16 3 1 5 11 85 14 48
20 20 3 4 22 3 12 9 63 6 20 8 83 15 56 18 76 1 47 2 9 14 42 16 35 13 23 5 11 10 20 11 28 19 51 12 78 17 35 7 57
20 4 13 13 76 5 20 9 67 11 6 2 19 17 74 1 1 10 13 18 48 15 44 14 12 20 46 19 94 16 26 12 43 7 37 8 73 3 48 6 29
20 14 25 13 49 1 51 6 36 9 50 19 15 8 66 2 17 4 43 5 53 17 3 12 47 11 12 16 74 10 8 20 65 18 29 15 8 3 18 7 36
20 5 33 17 14 4 95 20 48 8 68 2 24 1 87 12 43 6 10 7 40 11 32 9 43 18 66 10 42 14 29 13 20 3 28 19 39 16 77 15 41
20 5 73 16 66 17 67 9 67 10 72 18 63 6 81 12 84 19 7 1 52 15 9 7 9 11 35 3 11 4 37 14 55 13 96 8 84 20 97 2 32
20 16 67 6 28 17 85 13 58 2 51 18 41 1 64 19 40 11 54 20 31 9 47 15 16 12 43 14 59 3 67 10 33 5 15 4 91 8 9 7 52
20 6 29 5 62 16 23 10 60 3 68 8 20 20 20 15 32 9 50 17 9 12 22 13 56 1 94 18 27 7 41 14 77 4 19 19 54 2 87 11 96
20 4 69 15 66 6 86 14 43 16 52 1 39 5 27 9 63 20 5 17 70 8 2 7 10 18 2 13 13 2 44 11 92 12 71 3 14 10 4 19 35
20 3 65 18 78 8 26 1 29 15 76 9 20 2 64 13 33 19 91 14 47 11 89 7 49 16 50 5 41 4 61 6 22 10 99 20 32 17 12 12 43
20 19 78 8 84 15 81 3 62 2 42 20 11 7 65 9 83 12 75 14 12 11 46 16 46 4 61 1 98 13 49 5 35 18 39 6 27 10 23 17 56
20 3 49 6 37 9 37 20 95 8 91 16 68 5 8 17 18 14 54 7 23 13 94 19 62 18 66 15 3 1 21 11 62 12 72 4 28 10 91 2 83
20 6 21 15 73 19 45 14 22 16 89 1 4 13 4 8 1 9 71 7 44 2 35 4 99 3 49 11 19 10 25 20 77 12 14 5 90 17 19 18 85
20 11 76 16 8 10 68 15 13 12 98 9 88 8 50 2 17 4 73 18 18 19 22 1 63 6 73 5 56 17 61 20 25 3 71 13 15 14 50 7 23
20 14 1 15 99 10 64 12 51 20 77 7 12 5 26 8 27 6 31 13 23 1 90 19 65 18 16 9 91 3 47 2 35 17 39 4 9 11 64 16 91
20 12 5 19 42 20 3 18 15 15 74 10 45 5 34 17 49 9 45 7 54 1 86 3 28 8 6 16 77 13 76 14 59 6 63 2 21 11 50 4 93
20 19 26 6 94 5 33 1 20 15 27 2 83 13 55 20 93 4 41 17 62 12 6 8 33 18 47 14 84 9 25 3 5 10 8 11 14 16 26 7 96
20 6 90 18 99 15 19 11 74 9 15 7 82 19 55 10 91 1 53 14 8 2 19 3 9 20 60 5 10 8 5 12 37 17 95 4 19 13 63 16 57
20 10 40 8 19 14 3 17 44 4 30 20 84 15 49 7 22 6 15 12 93 2 8 19 90 5 48 13 87 9 34 1 42 3 78 11 76 16 82 18 7
20 2 47 1 4 6 35 20 15 11 32 3 64 8 75 10 63 9 97 5 51 19 65 15 41 18 46 12 64 13 21 7 50 17 3 4 40 16 35 14 65
20 4 89 7 23 2 9 8 7 10 8 15 77 11 94 1 82 6 32 14 93 20 4 5 73 13 94 18 66 9 82 17 28 3 38 19 44 12 26 16 5
20 11 30 2 68 9 69 19 57 5 82 7 75 14 10 13 37 8 35 1 95 10 86 15 25 4 62 12 81 17 75 20 59 3 96 6 84 16 81 18 99
20 18 91 5 61 17 44 8 11 11 21 15 14 20 62 13 16 9 36 2 51 16 56 4 77 14 79 12 53 1 37 7 48 3 28 19 61 10 52 6 72
20 15 51 17 18 20 9 14 6 11 53 9 72 1 48 12 72 5 64 7 49 3 57 8 42 4 80 19 92 18 9 16 6 10 84 13 58 2 50 6 79
20 3 67 9 16 20 5 6 30 13 12 4 11 12 26 14 74 10 36 18 23 8 50 5 13 7 59 1 37 16 79 15 68 17 20 11 66 2 87 19 52
20 15 52 2 4 13 6 3 27 1 35 6 46 10 82 8 2 18 59 17 71 11 84 5 15 9 40 14 77 12 78 19 2 16 62 7 72 20 79 4 71
20 2 76 16 25 19 40 9 15 17 83 11 39 15 66 8 79 13 78 14 30 3 18 6 29 10 56 20 27 1 44 12 78 7 1 5 69 4 34 18 18
20 2 51 20 89 6 99 5 54 16 99 7 76 15 11 9 92 13 4 4 25 19 66 14 41 12 92 1 36 3 55 17 32 11 47 8 1 18 45 10 91
20 5 81 16 87 18 28 7 15 17 43 6 4 11 67 8 12 19 95 13 4 20 66 10 59 15 34 14 9 1 25 4 2 9 6 3 87 12 85 2 35
20 3 6 15 11 6 50 12 84 13 62 8 94 17 2 10 97 14 52 19 4 20 92 4 44 9 51 7 23 5 80 11 35 18 16 16 46 2 5 1 67
20 7 62 15 97 9 52 6 99 12 83 19 53 3 57 5 8 2 69 16 37 14 72 10 95 4 61 17 76 20 72 13 54 8 15 1 91 18 50 11 36
20 19 43 6 33 1 24 16 84 4 29 5 32 2 30 18 42 10 79 8 58 15 46 17 7 9 89 7 71 12 91 3 9 13 70 20 40 14 33 11 22
20 1 31 2 23 4 36 19 37 14 80 9 6 18 57 5 86 3 52 6 1 17 95 7 68 8 87 20 18 10 56 16 28 13 66 11 88 12 45 15 20
20 20 68 2 14 4 43 16 90 9 44 14 21 15 28 19 97 12 98 3 48 13 95 18 84 17 70 10 38 5 92 11 56 6 55 7 53 1 15 8 21
20 6 91 2 56 10 97 1 46 17 18 11 64 8 94 12 99 19 81 5 62 16 56 4 53 15 98 13 32 9 51 20 24 3 26 7 81 18 24 14 26
20 7 99 2 46 20 22 4 25 10 12 18 28 11 29 3 87 13 36 1 38 16 42 9 35 12 30 19 57 8 85 15 97 14 2 17 49 6 83 5 28
20 1 13 6 93 5 59 3 3 4 51 16 74 11 84 20 83 12 74 18 89 14 70 15 45 17 59 7 54 9 1 19 60 10 78 8 59 13 46 2 91
20 2 47 13 35 8 25 18 54 11 50 17 31 5 72 9 84 7 69 14 90 15 55 19 64 6 89 16 10 1 51 12 81 4 58 3 47 10 36 20 13
20 9 82 14 84 4 25 11 16 7 91 19 78 20 78 6 48 5 72 15 47 16 60 2 36 12 27 1 42 8 34 18 35 3 85 10 33 17 70 13 57
20 13 4 14 97 16 59 9 96 11 31 5 72 2 46 4 47 1 56 10 64 8 51 3 77 17 73 20 67 12 81 15 2 6 78 7 22 19 48 18 9
20 10 90 17 21 9 81 2 42 13 63 6 98 16 84 19 29 8 54 5 91 4 75 15 90 3 1 14 89 11 6 1 42 12 2 18 12 20 33 7 66
20 5 80 10 88 17 57 13 30 20 94 6 95 16 58 4 89 1 47 2 17 18 24 11 98 19 62 7 91 3 49 12 65 8 34 9 91 14 94 15 13
20 11 41 9 94 15 9 10 95 3 77 4 87 5 90 1 86 19 21 2 13 17 60 18 36 7 22 8 71 16 18 13 15 6 32 20 14 14 11 12 54
20 3 47 15 18 2 93 1 57 6 74 20 2 16 58 5 69 8 10 13 41 4 80 14 3 11 72 7 60 10 34 9 60 18 34 17 32 12 33 19 89
20 10 88 5 31 20 27 13 88 19 48 7 27 15 5 4 49 9 8 12 67 14 23 6 48 17 24 8 89 16 73 18 76 11 87 1 55 2 17 3 63
20 13 10 1 83 11 87 20 46 15 31 18 79 19 28 4 15 6 31 17 83 7 42 8 40 9 43 10 60 3 5 2 62 5 48 14 28 16 13 12 74
20 10 73 7 77 1 94 13 16 4 89 5 48 20 93 18 25 6 76 11 4 15 70 8 66 2 31 14 63 3 70 19 91 9 39 12 67 16 3 17 5
20 19 62 6 93 14 38 1 65 11 81 9 45 17 56 8 69 13 77 15 4 18 8 16 66 12 16 4 6 7 76 3 79 2 24 20 96 5 80 10 38
20 18 95 5 26 19 84 2 96 8 91 17 63 14 48 7 39 20 28 6 48 15 83 16 74 11 84 12 2 13 76 1 45 4 98 10 70 9 88 3 68
20 4 10 18 96 6 66 10 79 20 94 19 8 1 19 16 9 9 8 14 74 12 1 2 30 13 93 5 91 3 11 11 57 17 76 7 75 15 87 8 40
20 8 17 14 98 11 75 18 57 15 1 1 61 3 72 17 82 19 60 20 87 4 94 6 49 12 64 5 83 10 42 13 63 16 29 7 67 9 99 2 76
20 2 6 6 92 1 9 14 60 5 24 7 20 4 78 13 46 8 16 15 52 17 78 9 30 12 3 16 63 18 13 10 68 3 73 11 55 19 94 20 65
20 14 21 13 93 4 18 15 34 6 82 20 51 17 49 11 70 3 51 1 58 16 57 9 80 7 45 18 69 8 50 2 94 5 10 12 2 19 71 10 40
20 17 17 19 78 12 56 5 76 9 36 18 26 4 87 15 74 8 35 2 39 14 32 11 82 1 84 13 95 3 41 7 43 10 50 16 41 20 46 6 53
20 13 67 9 62 5 71 7 12 1 23 16 81 20 65 6 40 10 59 2 66 4 78 11 21 3 48 17 69 19 4 14 95 8 68 18 36 12 19 15 51
20 18 97 15 84 7 87 9 95 12 26 14 14 20 72 13 24 8 86 5 6 17 45 3 29 16 19 19 92 4 80 2 11 1 52 10 77 11 89 6 75
20 15 20 19 85 14 48 8 70 5 31 16 14 4 81 12 21 20 57 6 98 11 9 3 23 2 16 1 46 17 44 7 16 9 41 18 17 13 80 10 13
20 8 68 17 30 6 86 14 54 19 80 20 78 12 16 2 89 5 71 9 97 4 80 10 69 16 38 3 77 1 3 11 30 13 61 15 82 7 88 18 85
20 18 97 3 46 9 49 5 77 20 27 1 96 15 82 10 63 19 21 14 83 6 51 7 77 13 80 8 88 4 7 17 97 12 73 2 58 16 36 11 2
20 11 44 9 91 20 2 3 94 12 81 6 51 16 88 10 43 5 20 1 79 13 47 2 62 18 66 19 41 4 24 8 60 14 12 7 3 15 77 17 81
20 14 43 16 65 5 68 13 61 2 69 18 26 19 47 4 87 3 53 7 81 8 59 17 81 12 80 6 63 15 31 1 21 9 46 10 3 11 82 20 64

natural:
82828
2 35 55 76 87 119 125 150 164 197 219 232 244 275 282 308 331 345 376 387 420 421 457 480 484 517 539 547 562 584 601 630 650 675 696 704 734 742 776 798 809 828 843 867 890 907 933 946 964 994 1015 1026 1052 1071 1091 1104 1129 1156 1162 1188 1210 1235 1247 1274 1285 1315 1334 1355 1380 1398 1403 1421 1459 1464 1490 1501 1535 1554 1569 1596 1609 1628 1644 1678 1682 1703 1724 1756 1767 1786 1803 1830 1853 1865 1897 1914 1935 1946 1970 1996
9 34 56 71 99 103 140 152 174 188 203 239 248 271 297 314 327 360 378 389 408 428 456 472 485 512 534 552 561 592 603 623 653 668 690 720 730 747 767 786 810 826 848 866 900 905 939 955 967 985 1020 1031 1048 1076 1098 1106 1131 1151 1161 1183 1202 1230 1259 1279 1282 1301 1321 1360 1379 1389 1407 1422 1442 1462 1482 1520 1521 1552 1567 1584 1610 1630 1643 1679 1696 1713 1737 1744 1772 1800 1801 1836 1850 1870 1896 1913 1928 1958 1972 1985
20 21 43 75 82 108 122 158 169 195 204 235 247 267 289 303 328 341 369 381 410 430 443 461 490 519 535 550 580 581 611 634 656 676 700 719 727 751 777 794 803 839 859 877 894 915 925 958 961 984 1001 1033 1057 1075 1092 1116 1132 1157 1166 1197 1217 1237 1251 1261 1284 1311 1335 1358 1361 1387 1416 1429 1450 1477 1488 1504 1538 1557 1572 1593 1615 1625 1641 1680 1695 1715 1736 1760 1775 1787 1817 1829 1855 1873 1892 1912 1934 1942 1964 1989
18 36 46 67 89 106 128 153 170 199 211 225 243 278 281 310 329 351 363 400 419 422 452 479 491 502 528 546 575 597 607 639 659 677 682 714 729 752 766 789 802 821 849 863 895 918 937 941 975 993 1018 1032 1049 1078 1100 1109 1138 1145 1178 1181 1213 1232 1253 1266 1300 1319 1330 1356 1372 1393 1405 1423 1443 1472 1484 1505 1537 1543 1568 1591 1608 1626 1651 1668 1688 1705 1734 1757 1761 1791 1807 1823 1847 1871 1895 1907 1931 1955 1975 1988
7 26 51 64 98 114 135 151 180 184 217 228 254 262 288 311 322 347 372 385 401 435 444 473 495 513 524 555 566 590 619 629 652 671 681 717 739 759 773 792 814 823 850 861 881 917 922 947 974 996 1007 1038 1054 1067 1087 1103 1134 1153 1170 1192 1205 1222 1249 1272 1292 1318 1324 1341 1375 1388 1406 1428 1455 1470 1500 1503 1527 1549 1566 1590 1601 1627 1648 1662 1697 1706 1739 1742 1774 1794 1805 1837 1844 1863 1890 1905 1929 1944 1969 1983
12 29 58 70 95 112 137 157 166 182 202 222 242 266 285 301 339 354 375 390 405 425 460 471 499 503 537 544 578 588 615 624 644 667 694 709 726 754 774 787 805 840 844 869 887 902 921 943 976 998 1002 1021 1053 1069 1097 1102 1121 1149 1163 1189 1218 1240 1260 1264 1286 1312 1323 1346 1363 1384 1402 1430 1457 1461 1499 1502 1533 1548 1577 1586 1606 1637 1645 1672 1689 1709 1722 1750 1763 1792 1802 1825 1860 1868 1900 1910 1923 1951 1966 1994
5 27 42 68 84 116 133 141 163 185 205 230 258 273 298 305 338 358 371 397 418 426 451 469 492 504 526 541 572 595 617 627 647 679 686 716 737 749 779 781 820 837 860 870 892 920 935 952 972 987 1010 1030 1060 1066 1090 1120 1126 1148 1176 1182 1206 1236 1250 1273 1298 1317 1326 1344 1374 1381 1414 1432 1458 1478 1481 1514 1529 1545 1578 1600 1614 1633 1654 1666 1691 1702 1735 1748 1778 1798 1806 1833 1856 1864 1883 1916 1939 1952 1978 1990
19 37 45 77 91 111 127 148 178 191 214 221 246 265 296 312 334 343 377 395 413 436 447 468 486 508 530 549 565 589 616 632 646 662 691 710 722 741 762 784 806 838 847 865 898 919 926 951 963 982 1005 1028 1047 1068 1093 1112 1135 1142 1167 1184 1209 1224 1252 1271 1288 1308 1338 1348 1366 1397 1410 1433 1460 1467 1495 1518 1523 1555 1571 1589 1617 1634 1649 1674 1692 1712 1728 1745 1780 1781 1809 1835 1849 1877 1889 1904 1921 1954 1976 1991
10 30 52 79 83 102 130 147 172 193 209 226 245 270 283 313 335 342 373 384 406 434 442 476 496 520 523 554 576 591 608 631 649 664 693 706 736 748 763 782 804 824 845 872 884 911 929 948 966 988 1003 1029 1046 1074 1089 1115 1125 1155 1169 1195 1203 1229 1246 1262 1293 1304 1328 1357 1373 1383 1413 1426 1445 1475 1492 1515 1528 1541 1564 1583 1618 1622 1656 1669 1693 1717 1726 1759 1769 1799 1812 1832 1845 1862 1884 1917 1930 1943 1962 1997
17 40 48 62 100 109 136 149 167 189 207 240 249 269 293 306 325 357 362 398 402 439 459 466 482 506 540 557 568 599 609 637 641 666 685 703 723 753 761 790 815 829 855 874 885 916 924 959 977 999 1019 1035 1043 1063 1086 1117 1128 1141 1168 1185 1211 1239 1257 1269 1287 1313 1340 1352 1368 1392 1409 1435 1454 1463 1485 1517 1539 1558 1570 1581 1602 1624 1655 1661 1694 1701 1740 1758 1764 1795 1816 1840 1857 1869 1898 1920 1932 1948 1968 1998
13 31 41 74 92 107 124 146 173 198 201 224 253 274 300 304 321 355 365 386 417 438 455 474 481 507 532 559 571 596 605 626 643 673 689 708 735 755 780 799 816 825 853 871 893 909 940 956 971 991 1016 1034 1041 1079 1099 1118 1124 1158 1165 1187 1201 1225 1245 1278 1291 1306 1337 1347 1376 1400 1420 1438 1456 1466 1487 1507 1525 1544 1565 1595 1612 1621 1653 1677 1683 1710 1725 1753 1776 1783 1818 1828 1852 1872 1899 1911 1936 1960 1961 1999
15 24 54 80 90 118 134 144 177 192 208 236 259 279 290 309 333 344 379 394 404 424 458 465 500 514 525 542 574 583 610 633 657 678 687 715 738 758 770 793 818 836 852 868 888 913 931 957 980 989 1017 1037 1045 1064 1081 1111 1136 1150 1174 1199 1214 1234 1248 1267 1295 1316 1333 1359 1364 1385 1415 1439 1449 1468 1493 1509 1536 1553 1575 1597 1616 1640 1659 1670 1700 1718 1733 1754 1771 1793 1813 1838 1843 1879 1885 1908 1927 1957 1965 1993
14 32 60 61 86 110 139 143 175 196 210 233 256 277 291 320 340 350 367 388 414 437 450 462 493 518 529 560 564 600 620 628 642 680 684 707 740 745 765 796 813 822 842 876 897 904 932 954 968 995 1011 1027 1058 1070 1095 1107 1139 1154 1175 1193 1208 1228 1258 1265 1283 1309 1329 1350 1365 1396 1417 1437 1451 1474 1489 1519 1522 1560 1561 1585 1604 1636 1650 1664 1681 1704 1729 1755 1773 1796 1808 1822 1854 1861 1888 1919 1937 1953 1971 1984
8 22 47 69 94 104 131 145 179 181 213 229 260 280 295 317 324 348 368 393 416 423 454 477 488 510 533 543 579 587 618 621 651 670 699 702 725 744 772 800 811 832 841 875 896 914 936 944 970 990 1009 1024 1059 1061 1096 1114 1130 1143 1180 1190 1207 1233 1244 1268 1294 1310 1332 1354 1369 1391 1419 1425 1446 1480 1497 1511 1530 1542 1562 1594 1619 1639 1652 1671 1698 1714 1723 1747 1770 1782 1804 1821 1851 1876 1886 1903 1924 1950 1977 1981
1 39 49 66 85 115 123 159 161 190 215 227 257 276 284 319 326 359 380 382 415 427 449 463 489 509 538 558 577 593 612 625 654 672 688 705 731 746 768 788 807 831 858 880 891 912 928 942 965 983 1014 1022 1044 1062 1085 1105 1123 1147 1172 1186 1212 1226 1241 1276 1281 1307 1327 1353 1362 1382 1411 1440 1447 1473 1496 1512 1531 1550 1576 1592 1620 1623 1642 1667 1685 1711 1730 1751 1779 1785 1810 1824 1848 1880 1882 1901 1938 1947 1979 1995
3 33 59 78 96 113 132 154 176 187 216 238 250 268 294 307 323 352 370 383 412 433 448 470 494 501 521 553 569 594 613 622 660 674 698 713 728 756 778 797 812 835 854 879 882 901 923 945 973 992 1006 1025 1042 1080 1094 1119 1140 1159 1179 1200 1219 1231 1256 1275 1297 1302 1325 1342 1378 1390 1404 1436 1444 1471 1491 1506 1534 1551 1563 1587 1607 1635 1647 1675 1699 1719 1732 1752 1768 1797 1814 1831 1858 1866 1893 1906 1933 1959 1967 1982
4 25 44 72 81 117 138 155 162 183 220 231 252 263 286 316 330 353 364 396 407 432 441 475 483 515 531 548 563 586 602 638 645 663 695 711 732 760 771 785 819 827 851 862 883 903 930 950 979 1000 1008 1039 1055 1077 1088 1110 1137 1144 1177 1196 1215 1223 1242 1277 1290 1305 1336 1345 1367 1394 1412 1431 1453 1465 1498 1513 1526 1559 1573 1582 1603 1631 1658 1673 1690 1720 1727 1746 1777 1788 1811 1827 1841 1874 1891 1915 1922 1956 1980 1992
11 28 53 73 97 105 121 160 171 194 212 223 251 264 292 302 337 346 366 391 403 440 445 478 497 511 527 551 570 598 614 636 655 661 692 712 724 743 775 795 808 830 857 873 886 906 934 953 962 997 1013 1040 1050 1073 1084 1113 1122 1160 1173 1194 1220 1221 1255 1270 1289 1320 1339 1343 1377 1399 1408 1427 1452 1479 1486 1510 1524 1556 1580 1598 1611 1632 1657 1676 1686 1708 1731 1741 1762 1784 1815 1834 1846 1878 1881 1918 1940 1941 1973 1986
16 38 57 63 93 120 129 156 168 200 206 234 255 272 299 318 336 356 374 399 411 429 446 464 498 505 536 545 567 585 604 640 658 665 683 718 733 750 769 783 817 834 846 878 889 908 938 960 969 981 1012 1023 1051 1072 1082 1101 1127 1152 1171 1198 1204 1238 1254 1280 1296 1303 1331 1349 1370 1386 1401 1424 1448 1469 1494 1516 1532 1546 1579 1588 1613 1629 1660 1665 1687 1716 1721 1743 1766 1789 1819 1839 1842 1875 1894 1902 1925 1949 1974 1987
6 23 50 65 88 101 126 142 165 186 218 237 241 261 287 315 332 349 361 392 409 431 453 467 487 516 522 556 573 582 606 635 648 669 697 701 721 757 764 791 801 833 856 864 899 910 927 949 978 986 1004 1036 1056 1065 1083 1108 1133 1146 1164 1191 1216 1227 1243 1263 1299 1314 1322 1351 1371 1395 1418 1434 1441 1476 1483 1508 1540 1547 1574 1599 1605 1638 1646 1663 1684 1707 1738 1749 1765 1790 1820 1826 1859 1867 1887 1909 1926 1945 1963 2000

INSA:
6385
421 282 742 843 1421 2 1403 601 1162 345 1682 1703 1786 150 1247 562 484 1501 584 1285 387 1865 964 244 1464 87 828 1274 547 1946 1188 1091 1015 1490 1026 1803 1724 125 946 704 232 907 275 1644 1104 650 1569 867 308 1210 1830 1853 1996 164 1235 1628 1767 798 1609 331 933 1935 630 1071 1315 1970 890 734 1756 809 197 1914 1129 1156 119 1535 55 376 1897 994 675 1554 1052 776 76 696 1678 1334 457 35 1355 1398 420 1380 517 1596 1459 219 539 480
1521 1422 1442 1161 1801 1321 1183 603 103 561 1407 203 1462 1482 1282 826 985 848 271 485 152 1202 1301 1985 1584 1744 786 1643 188 428 747 1928 905 389 248 552 967 623 866 1567 1850 1106 9 1031 408 1230 1713 1870 653 690 668 955 71 1151 174 327 730 767 1610 592 1389 1630 1259 314 1098 1772 472 512 1913 1737 1972 1131 810 1279 1048 1896 1696 1379 1552 534 456 1076 360 1836 34 56 1679 239 99 297 140 378 939 1800 1520 1958 900 1020 720 1360
1361 341 21 1261 1001 381 461 267 581 43 82 961 1942 1641 204 984 1284 1787 1166 108 303 122 1251 1625 925 1488 1504 1989 1092 443 247 550 803 1429 369 490 751 430 1964 1450 915 1829 1572 727 410 877 289 1033 1892 169 794 1715 1873 328 656 611 1311 1934 1387 1237 958 195 1197 75 894 1912 1116 1736 235 634 1695 1132 1615 1157 1416 859 1217 1477 1775 1855 1075 839 676 1817 777 1557 158 1760 535 580 1680 1335 1593 1057 700 1538 1358 519 719 20
281 821 941 1423 1181 1405 1443 1266 863 682 225 46 106 1823 1484 422 351 243 1145 1705 849 546 1761 153 67 89 1543 363 1847 1988 502 1505 1253 1626 789 802 607 1791 1018 278 528 1568 128 491 1032 310 1668 1907 1232 1931 1871 1213 170 752 766 729 329 1608 1109 1372 1688 452 1807 1734 1651 575 993 975 1472 918 895 1330 1393 1757 1895 1591 1049 1955 937 597 1078 211 677 1300 714 419 1319 199 18 400 1138 36 639 1975 1537 1356 1178 659 479 1100
401 861 1601 262 681 1983 823 1742 1406 347 1863 385 1087 1341 922 1272 1527 151 64 1249 184 1007 1844 1944 1503 566 7 228 1905 1103 1706 1292 26 1324 947 1428 1205 322 524 1222 881 1566 444 1662 1929 288 1192 792 555 1890 652 1067 495 1648 311 254 629 51 1627 590 114 850 1805 1153 1170 1470 1969 1388 435 1794 974 372 671 917 473 1038 135 1375 1590 1549 1134 1774 773 814 739 1697 996 1318 1054 1837 98 1455 513 717 1739 759 619 217 180 1500
301 182 1402 222 844 1363 1021 1002 266 902 921 1264 1163 1121 202 405 1461 1923 544 285 242 644 943 1346 1286 1802 1502 425 1722 1102 787 726 1323 503 354 1189 1384 588 1825 1951 1645 1430 805 1750 1792 1709 624 1097 95 869 1868 1763 1966 70 1994 112 1149 667 887 166 1606 12 1586 1672 1069 1548 29 615 1689 1312 709 390 471 1910 1240 1533 694 1577 375 1637 1260 754 499 774 1218 157 1053 976 578 339 137 998 840 537 1457 58 1860 1499 1900 460
141 1381 42 1702 541 1182 5 1481 1864 781 1273 1344 1090 84 273 1250 987 1010 185 426 1883 205 1545 230 27 504 647 1990 305 749 1529 1748 526 1952 1030 1432 1066 1206 492 68 870 1666 686 163 1148 952 1126 627 572 972 469 371 1414 1326 1236 1514 116 1806 133 451 1735 935 1691 1833 595 892 1298 1798 258 617 1374 1633 1614 1578 1916 1317 737 860 837 920 418 338 358 1856 1654 1939 397 1478 779 1176 716 820 298 679 1458 1978 1778 1120 1060 1600
741 221 1781 1142 1523 343 265 1921 1184 982 148 722 1271 45 1005 847 963 865 486 646 784 1288 565 1904 662 1167 1348 926 1252 762 1028 91 1410 191 1093 246 549 1745 1991 1366 1849 1467 1224 1889 127 508 111 1433 1495 1209 1571 1954 1712 951 1649 1068 589 468 447 312 691 1308 1728 806 413 178 530 1674 616 710 436 1809 1692 632 1112 1589 395 1518 1877 334 1634 1047 919 1835 1135 296 838 1555 377 77 1617 19 214 37 1397 1338 1976 898 1460 1780
1541 283 342 1262 102 845 1003 1622 1862 442 147 384 824 1445 226 1246 1089 270 1943 83 1426 1583 782 1845 245 406 1528 1564 1304 988 1492 1203 748 1293 1383 1029 1884 966 523 649 948 804 664 1125 1962 554 1726 911 1046 884 10 1413 872 1669 1229 130 1930 706 1997 929 608 763 193 172 1169 496 1515 591 1769 30 434 1717 1832 313 631 1195 1693 693 1328 1115 1373 373 1155 1812 52 335 576 736 1475 1074 209 1799 1759 1917 1656 476 79 1357 1618 520
1141 641 1701 62 402 1581 1602 1185 1086 1269 482 149 269 1043 1485 1463 362 1624 924 1287 723 829 761 109 1409 1168 189 1063 703 1948 568 790 506 685 306 48 249 1661 466 1570 885 1869 666 874 1368 1211 1435 167 1764 1035 325 557 1932 609 207 1257 1968 1998 1313 855 959 916 1795 1128 1517 1239 1392 1117 293 1352 1694 1758 753 637 357 815 1816 136 1857 1655 1454 398 17 439 1920 1558 1898 100 240 977 999 1840 599 1019 1740 1340 1539 459 40 540
41 1621 201 321 1245 146 224 1783 1041 481 1525 643 825 1165 107 386 1683 1487 1201 1961 1187 605 274 1466 124 1347 1544 304 1016 1291 365 1565 92 1507 507 909 355 1124 1725 1225 1852 1828 1306 1710 571 871 991 626 689 253 1753 971 708 1034 956 1872 173 1278 13 559 1438 853 1936 31 799 1653 1612 74 893 673 1911 1999 1118 596 455 1376 735 474 417 532 755 1158 816 198 1776 1079 1677 438 1818 780 1899 1456 1337 1595 1420 1099 940 300 1400 1960
1081 144 1364 344 1267 542 1843 404 583 1248 24 424 1045 465 90 989 1927 1493 1064 1017 192 1885 1295 525 1509 1449 279 1965 913 309 868 1993 793 687 1468 1670 1908 1150 1754 290 931 1575 1234 957 1037 1385 610 177 852 1214 1439 134 574 1733 1793 770 1718 888 1111 1771 118 836 394 208 333 259 633 1813 1316 1415 54 1616 1879 738 1136 500 1553 1640 1174 758 15 236 818 1838 715 1333 678 1536 514 1957 1659 657 980 458 80 1597 379 1359 1199 1700
842 61 1522 143 822 1861 642 1984 1265 462 1681 1561 1822 1283 350 684 1704 1604 564 86 1011 388 1489 745 1027 1365 1585 904 367 233 1095 277 968 1888 110 1953 529 1664 1208 493 1228 1350 1107 1451 954 876 1650 628 707 1193 932 765 1437 175 796 1309 1729 450 1070 291 1937 1258 1808 196 1796 256 1755 414 1971 1329 1154 14 32 1474 1636 1773 1854 813 1417 897 995 210 437 560 1175 1919 740 139 320 1139 1396 1519 1058 340 620 1560 518 680 60 600
841 181 1981 1061 1143 1782 1244 145 1821 22 1268 348 543 104 1024 1446 1562 1924 47 702 1425 423 1903 1009 587 1542 725 621 1723 488 744 229 944 1804 1294 368 1950 832 1886 94 1190 1747 990 1096 8 1851 651 970 1207 914 324 69 1530 875 1714 131 1233 1671 1511 1369 670 510 1310 1770 179 1876 1652 1391 454 393 800 1114 896 936 1130 416 295 811 772 1332 1639 533 317 618 1698 1497 280 579 1480 1354 699 1419 213 260 1594 1977 477 1059 1619 1180
1241 1362 1 382 1022 1382 1085 463 1186 983 1785 942 1281 284 1623 1901 1044 1642 1447 227 1824 85 66 1882 1062 123 427 1014 788 746 161 190 1947 965 831 489 276 1411 1848 1123 1105 1685 928 49 1751 1226 705 912 509 1307 1711 1667 625 1147 688 1995 1531 1212 654 1276 1496 326 1512 558 115 731 612 449 1730 768 807 593 1576 1327 1810 1938 891 672 257 415 1473 858 1550 1172 359 1592 577 1440 1880 159 1353 880 319 215 538 1979 1779 39 380 1620
521 901 1982 3 1404 268 1444 383 1042 1342 923 1563 352 1006 1025 1866 1275 1302 187 501 1491 945 154 1506 1094 1906 622 569 553 323 882 1647 1325 307 250 494 433 1752 835 1231 113 1831 1297 1256 370 132 448 1893 1436 412 879 728 176 1607 797 1967 1768 613 1933 1587 1732 854 992 1390 973 594 470 1471 1797 1719 96 1119 294 1534 1814 1635 1675 1378 812 1551 674 33 756 1699 1858 778 713 238 1159 698 78 1219 1140 216 1080 59 1179 660 1959 1200
1841 1242 862 263 81 1144 602 183 441 4 1582 1922 44 1526 1088 483 1603 286 563 1345 645 827 1008 25 586 1465 785 1788 353 1290 364 903 548 231 155 162 1746 663 407 1412 1223 1431 1827 883 1992 1305 1367 432 252 950 1573 1891 930 72 1277 1727 1513 330 851 1673 1874 1215 1690 732 1110 117 1196 1811 1631 316 711 1039 531 771 1915 475 695 1394 638 1956 1077 1453 396 1777 819 1137 1658 138 1055 1498 979 1336 1559 1000 515 1177 1720 1980 220 760
1084 264 223 1741 1941 1524 346 403 1881 1270 1784 105 1408 962 1343 1486 743 302 121 661 1427 1986 724 1846 1289 1013 1762 1122 1221 366 830 906 551 1708 28 527 1510 570 251 11 873 445 953 886 1255 655 171 795 1194 73 692 1686 1731 194 614 1611 934 808 1452 391 497 1113 511 1834 1632 292 1073 53 1377 857 1878 712 636 1173 1050 337 1815 775 1676 1556 97 1918 997 1657 1479 598 212 160 1973 1040 440 1339 1160 1580 1320 1399 478 1598 1220 1940
1401 1082 981 1101 1424 1721 1842 63 846 1023 604 1743 683 464 545 1925 272 1902 585 783 1987 1012 1789 1303 567 1204 1494 93 1949 505 908 1448 750 429 969 1546 206 1349 1665 665 129 834 1296 1254 446 1127 878 1532 168 411 1469 1370 1152 1894 1766 1629 1716 1875 1687 1386 769 1588 234 1516 1238 255 889 1072 733 960 1613 498 1331 374 156 1171 356 336 120 1051 817 1579 1280 938 16 318 1839 399 57 718 536 1819 1974 1660 299 658 38 200 1198 640
101 142 261 1083 1243 1441 721 1263 701 522 1004 1164 241 349 864 582 1483 23 986 361 65 1684 1322 487 88 1945 287 186 6 1605 1790 1926 801 606 927 1707 126 648 833 1887 1508 1191 910 1646 1826 1749 1146 1065 1963 1663 791 1227 1867 431 949 409 1434 467 556 1547 1108 1574 165 50 669 764 1036 1765 1371 573 1351 453 1314 856 332 1909 392 315 1216 1133 1299 635 1476 1638 757 1738 237 1395 697 1418 978 1056 1859 2000 218 516 899 1599 1540 1820

