ILOSC ELEMENTOW: 10000 *************************************************************************
780
765
701
681
688
684
687
683
686
688
ILOSC ELEMENTOW: 50000 *************************************************************************
17126
17144
17190
17127
17106
17123
17152
17096
17140
17123
ILOSC ELEMENTOW: 100000 *************************************************************************
68876
68363
68419
68363
68543
68394
68597
68454
68434
68358
ILOSC ELEMENTOW: 10000 *************************************************************************
932
932
883
917
846
854
845
846
836
842
ILOSC ELEMENTOW: 50000 *************************************************************************
20869
20865
20868
20891
20878
20870
20861
20882
20894
20914
ILOSC ELEMENTOW: 100000 *************************************************************************
86103
85588
85453
85494
85509
85429
85573
85571
86413
85962
